-4.713388541449319
-1.1312735604215791
-5.3679292140976615
-6.801655824714048
-9.636508251685168
1.081695680901578
1.4217274690825352
-3.390713930731501
-2.668204910400756
-3.002068711723344
-15.135144737205925
-4.806766557329592
-2.2797097663240637
-1.3729247593379117
-13.388568125074586
1.520891859260892
-10.346984276365674
0.6847975144577627
2.5184919982564318
-21.83806983871558
-2.3960094412536836
1.700243036970618
-3.2437733503426927
-8.091044423339687
-13.560848674657073
-6.05211539882661
-1.4905734514044884
-0.4375207703837991
-3.895315847363876
0.5144330422884705
2.1459895088006022
-3.8596158998915877
1.5963510828306275
-13.674165050004074
2.310993833584578
-32.126830129161156
-27.666103511434656
-5.401758651257521
-21.85061972025581
-7.631961023254185
-0.387553596556242
-10.737315758817116
-4.752955688049415
-11.578109453059495
-16.775917165065998
-25.153713648323244
0.5175621596969229
-5.01982017238104
-1.4570261521868852
1.2824966508289757
-10.222010759296463
1.454685250074522
-7.162441399396562
1.8183382005671005
1.9769456928246893
1.6502102972661874
-17.749887363745366
1.9090418033921852
-1.3465474407264542
-11.141015896710709
-16.93181850618067
-0.6431503879407685
-21.776977663068127
-1.7574598698602197
-1.1962911505353682
1.5110358688969279
-5.5808874242034126
1.4177868472046882
-2.248818057627029
-4.372080612062966
-1.2196113550699135
2.0992349110448085
-1.3785437428348826
-18.202533000894476
1.695221324553957
-8.470823031599004
-2.704493133421816
-1.0542253617566937
-1.237680764007265
-0.8339449331778163
-1.8298486802919807
-2.0732039623603766
-2.2880148662233335
-3.8715391501829046
-4.360181451937235
0.35335502635380056
-3.7315386413401503
-2.0489649018465297
-1.988219623114467
-2.535637782398054
-2.7708835067503377
-2.1941596927548175
-41.630673974106216
2.0211772425807464
-3.0490292007809066
-2.0894254413269624
-3.7323267566777556
-0.6532735725944088
-3.6089246670167454
-4.228245838343605
-1.2779484093725373
-33.251647142429114
-0.22762675181333525
-1.3441856573876558
-0.18818775698207424
1.5990083869851461
-3.9183083924799584
2.26324928658417
-1.3522878778144383
-1.7152558042967363
-33.1416510480397
0.45573383661942435
-2.865607812814407
-3.2353270158748564
-4.875299129509563
-0.09474102048948274
-11.968438648490578
-6.176252804643233
-6.4278946561874655
-0.9052088968570909
0.17386965024118117
0.18311626831730332
-2.9659137421776665
-10.044941245497814
-2.601100807317302
-35.82121555063569
-20.280759681524078
1.7440946050522337
-7.239506122814732
-0.10396272951332586
-0.23900352803925262
-9.404136761949992
-2.439232741631022
-12.257748023112415
-31.518450248995844
-19.417732134773658
-11.735140725237212
-4.416288109982055
-13.273568581867867
-0.007169816543551644
-1.1137116828226343
-14.262795951479209
-0.17139336413168427
-0.43167307316663894
-1.1694879722155644
-1.23731815913083
-2.007150273761111
-1.1275228748264168
2.378916904605381
1.006602526574369
-0.3129140653295972
-17.30031507856776
-2.7438855221934864
1.7712814851957317
1.5639877225769065
-5.380496244804686
-10.361042448503106
-0.12032170467633696
-3.57923932196839
-11.042793568318404
-8.037543294248788
-10.540862422530893
-14.930229166969
-1.511522518683226
-34.694126497994326
1.5322282736442534
-2.4005734551250497
2.7598614454295465
-0.7460655740111615
-1.9626131519837622
-3.94762032905737
-18.291020820412704
-6.980098145842852
-16.62524940441292
-3.584616642098024
-2.9134642723288797
-25.056921434305007
-21.031163491580617
-6.492256404952699
-10.530292085843044
-20.55911413667756
0.41714605568831487
0.4925917694677513
0.657284294623967
-2.2281710653599056
-3.392005335273882
-20.191679008344956
-11.671285408787371
1.7535022289923912
-0.7894275591717144
1.7439645847108174
-0.9411461818316297
-4.934787023629834
-0.5132671447103263
-0.041406634165393585
-1.1366151032369032
-7.715049236598407
-0.815873485235292
-2.4130661734519077
-15.764364225738422
-2.176307411277568
-1.4620929025360443
-1.3016718023294458
-2.4425605228610485
-12.367854683217754
-0.6246981699901524
1.3178062962872072
-5.374507046231575
0.618377618273604
0.26907574244451005
-20.09829400235393
2.1104037828090956
-1.1953209978162413
-1.3719664540106888
-3.2434021396024395
-2.992905466587566
-0.39770240151991887
-1.9380159034201072
-0.9582875017328669
1.4703875393947767
-0.8232995405942107
-1.8994409381183754
-1.514442476387907
-7.9796803643938095
-12.227698561082718
-7.598860185581831
-2.389280098145874
-15.168208495635495
-2.271552760173145
-9.144489108741766
-2.6221864477796197
-2.2584469496825585
-3.3485885848120676
-1.4427736588406785
1.5300106664023063
-1.3504795825689946
-1.860090492983642
-3.7936034527805744
-0.7600938589104842
-7.915051357283824
1.5571640627284025
-1.7403083336911669
-1.1748258056966254
-20.718797674039468
-0.3542860071554994
-0.055591893668766046
2.2135137310878097
-3.9012748401858257
0.7789145173930554
-5.110316291558839
-8.922353419777888
-10.079833556863091
-3.150422229887784
0.5097490016792552
-5.861486031004357
-3.1739372733129985
-2.3483636305370656
-2.3143629369066594
-2.044474443643829
-3.2059458482281733
-0.5359624148458719
-2.5706875579511057
-1.5509996318469201
-8.104951471931027
-8.497837591218095
1.5254987171081562
-3.758100923849024
-16.038496261683836
0.7501097126554906
-4.49307148028612
-15.367711241240785
-7.837942966255037
2.269427072683114
2.519687906773174
-24.82037558857498
1.5265898413819976
0.46107589338999344
2.474945520624221
1.681510485954644
2.0075317041618574
1.4570234364200252
2.171634733727297
0.9818541109372121
-0.08092010858465404
2.5004245800766727
1.1069496308691575
1.4081222978578816
0.8551260050900692
0.509765547727963
1.6380800907592912
-3.050795216476691
-2.5984631965294396
1.8940460384838473
1.5172102876675464
-3.4781182087451725
1.6382860001785098
1.9880400416297734
-2.238545425301792
1.9642607155449303
-1.3619336664808437
2.14204582219356
-2.450715222853093
1.4690315541904422
-4.588582660363167
2.4364374326613243
-2.0267852902228403
2.203753329531932
-1.889193808227572
-9.288715601762377
0.9096122058367544
1.5300808913685893
0.7425394073992302
1.9397853721641527
1.5644967466953172
1.9662345112372748
-3.0518625368663383
-1.1329172129080547
1.7315152020587878
-3.5654893816810462
0.9157300150916166
1.8797636983542954
1.9057141697326276
0.1306780136683463
1.4533972318906223
1.6614807359221944
2.0799691490940697
2.0313159946788044
-3.898865179923897
1.592530400380155
-5.474103591544728
0.5801046709051653
1.7107042313590894
-1.2011997704523336
-1.9797754328321693
-6.684902874140365
1.868873756438082
-0.2679962758986396
-10.091332250534673
1.6047375956574108
0.7667888437643929
-0.9965288983549727
-21.49637913781997
-9.376919652949718
1.2440698582302319
1.6009353968501085
-1.7801083488715908
-1.7126127672379297
-1.8737509816938627
1.9125330338618574
-0.29853980886569165
1.6266629889026702
-8.177545979269219
1.5174713721975754
1.5373648745387618
1.613395824347271
2.2919870527854904
-14.763954025152525
1.4278386063147406
1.8766589527326707
-7.962561166192872
1.1822104146878574
-4.356019821946249
1.6535396339334922
1.619743732777034
-1.9643471426172032
1.713643732625786
0.4582260413749424
-1.2123068101976635
-1.1675873169831226
-16.832394257205923
2.1415242232701344
1.5548922287872005
-2.8339545624050086
-0.5572776867384746
1.8208613790886905
-1.1713356593581807
-0.31811285628453745
-3.0842713264985955
-6.191258840256018
-1.0092241242240658
1.2329599526020252
-14.222413400098079
-1.0303584667101218
1.4410364092149692
1.0992761904426804
2.1853083388146617
1.3776536420302417
-0.9404267227492233
-1.0379607330710234
1.5247614751528111
-1.7867351579484887
2.135464209059154
0.9347318411476846
1.4606018814971793
1.489692595832317
-5.378318833172981
0.00592574672623325
1.6298636133382485
2.1995131998124977
0.23972798611944368
-2.942356123093587
-10.560680915543156
1.8278605786970932
-0.9389638190585353
-22.494847032396247
-2.3014114988409196
2.0381745947751067
1.5428785716795426
-25.0548151141775
-1.8822737875122788
-36.634435162224385
-13.297229846477224
1.5236722960406344
1.6200524870060282
-0.9238204989049784
-18.898193112339253
2.1254741475664547
-1.82192757111203
0.10569124080637948
-38.06609479184301
2.226398525081084
-8.274592641107848
-7.4017609521334675
-1.0540243460708045
2.054726080548046
-30.243816750698745
-30.014125537734355
2.176008152264102
-24.938459672259704
0.018717112972709282
-8.297621966251072
1.6605730345567322
-0.33324886717991165
-6.325282261192179
-18.172096494182544
-8.749153669658769
-6.9876445443870825
-3.283560737900176
2.0685406625496356
0.407901289959149
-0.709151825708972
1.502643049871803
-0.8004040668166796
-6.924344735086276
-0.40889835435805166
2.2705840980011622
0.34052715963724195
-0.019658168787980212
-34.02672343171624
1.874513449719394
0.35508254445748766
0.8788527366988754
1.7950214878741586
2.240334908418724
1.518454200967183
-9.266833655610554
2.130752071225559
0.6474245673171581
1.9124836737775903
-1.1288171303649346
1.4491252026217951
-9.237682143343136
1.9794706348345752
1.5338143311862054
2.1801719166094604
-1.339140368069695
1.5408394592869041
2.379678954900989
1.8701901874787472
-2.3416154536902987
1.9696154562703005
-7.176792770709322
-0.13651578547660748
-9.136437038163473
1.550854651015982
2.067629501635311
-0.289425807560858
1.9453648784176112
1.458921776403054
1.9421252450699449
0.41935108852464054
-28.881425135802793
1.9235486568818427
1.727896661753773
1.4873856926247722
1.90009688743383
2.7223366808988696
2.9434061691435596
-0.35616422872453457
1.6473047749318843
2.18667122790876
1.038985156411719
1.1763620642720578
1.7186969875070337
-0.8253465744179562
1.9168213057012362
0.4855396114773529
-2.045867787258887
1.9603185570002284
0.241789647577346
1.5925449941681247
0.5200025046304524
-9.449994321617924
0.06558927100703094
2.4789685868980307
2.324538212639773
-8.22201735470732
0.6701595015584118
0.07235784027331982
2.149840605320812
1.4656764401511913
1.9471904438716061
2.3303261080110635
1.5007846081178509
0.9143631811997284
-5.094227868737265
1.9503461956744084
1.8137675926725723
1.4705350642183284
2.5040023919476617
1.2665901101760153
1.2400538319254608
2.425198678308292
2.1405988866351895
1.4722835605741167
3.5935311833025105
0.18879332315259045
1.495935731269093
1.6853845353503958
1.8970598922326023
-15.817939605082609
-11.653048030969671
1.8343854579963514
2.5802811703972592
0.4461529129627606
1.4473646739396133
2.9356007256784715
0.7358244366611886
0.4767326748428622
1.7861742080284067
1.328665337798732
1.6195364785151531
2.2546929480362
-10.663655392952526
1.7774566575573911
1.818397594808205
-1.3388671539620827
2.478742682294116
1.9537042060368726
-0.6171910660094144
-0.9067693146246443
-0.531775287102928
-2.3088011856148722
-3.3462230751491595
-1.6612685136269254
-5.987218777375579
-1.8526325350380715
1.8929442978851405
1.019743359441499
0.054655536438785735
-15.955898806450433
2.098915410833702
1.9708624735745248
1.5514498181742915
0.31134488112672976
-0.0012040508222246338
-37.21037597736724
-1.158386068723374
-0.17923158471108125
0.05808553794499627
-0.06269201807584124
-0.7372421185180961
-0.014193538882095957
-3.1873960107055788
0.4330571330198326
1.5639721229925678
-0.2512885510842986
-0.5059276531177279
-0.5842820962818246
0.5111910356715155
1.1061319262457998
2.1225836597143233
2.2497637889047604
-4.824148053277742
1.9315460183749782
0.24505101279145802
1.5015240367672655
-0.3504529727798604
0.092521467560018
1.42541940801241
-0.49971230537084543
0.20207335766585788
-1.726561874198784
2.0974573367502334
1.7249148875904714
-1.289652759941101
-1.052569039013817
1.8265981373939653
1.1943055335832187
2.2649680804702643
1.7707806376473367
2.1943804630912673
1.9827871909392212
-24.949536537487145
0.1687006778396829
1.6934777035430697
2.2675342145110475
-1.8397971643855147
0.7682257243756077
-3.0135907069421366
1.931765895164114
-2.845240135884655
1.6110878347928297
2.551468668905305
1.8786220025694602
2.323189885607173
2.1902965681463673
1.8718675323095766
2.0061246624874256
1.5332411763977707
1.6524681799343501
2.018672583799967
1.1279648371802282
-1.1718197671152288
-2.658567081358916
-2.2983896580745675
1.841375096084994
-0.16962901615329629
-4.51704709688117
2.0455048089713337
1.45392504617221
1.8726863142199346
-0.4727407480551631
1.6380501066385937
2.3084839050717294
0.8796848628337042
1.6609048052495656
1.5980301799665249
0.08502005236961563
2.69195917799669
2.1863542387238737
2.178309595465419
2.428347549945292
1.746488807608638
1.6907357831398833
-3.448269310884948
-4.371219645660861
2.0890480175346466
-2.916354172072793
2.2608646349101376
-4.330155734844833
1.8010413817996773
0.7452998463856344
2.9781140152384915
-1.2241672986033323
-2.914950196802603
2.2190115364852625
1.4061774063344443
1.9371582752818794
-2.802598260069333
1.7738775451753959
-4.688211072842957
-3.133026235229744
0.7193158166349368
1.4782453987011972
2.152809787462359
-13.51175646298448
-0.18182152257933937
1.6653404189885432
2.4649757028235397
2.205284216151834
-1.835979919237522
1.4281394065424164
-2.743767759323464
-3.158180287000686
-0.7784507925529632
1.5603706950379252
0.618178653454339
-7.77008277949588
-11.097245225365384
1.4156979599305173
-1.3592019809549325
-3.8388090919694844
-34.5695331312938
0.5418502937640061
-26.60383678476832
-5.300945164267667
1.5431709757872851
-0.8524416507303239
-1.2656308905739786
-2.5307461072545534
-0.13635841146044414
-3.2157475755992895
2.878021878819627
2.757703629115824
-1.8369482478330985
-0.8889070705692692
1.7992500024512268
1.8732497315729582
1.8185701763836395
1.9823505823074978
-0.6132750510096576
1.829115119226414
2.4652663519048614
-0.9071716063764996
-12.302184234438103
-3.571563280952434
-1.5408393029274734
-0.8085636320235212
-1.9982153390506339
-1.8962171524397007
2.0706659113899217
2.9249953331645
-8.190132551797578
2.182850585773436
0.3565390708744707
-10.681539187580633
-3.5143634534220975
-0.44321856476829136
1.439363405481838
-0.13477245478261435
1.569092256429516
2.1257537682326157
2.5546300467752423
1.9014091652895257
-0.15404546775519123
-1.9206721268096985
-1.4485402925671358
1.4217771548878813
-1.1458121959649747
1.5047626821283893
1.5904365722228908
0.026982777970196103
-5.259224550580559
1.7159735669059073
2.3032638149305154
0.49597982887738623
1.6938959398079205
2.3158987367816266
1.7468133060056412
0.09062529728208402
0.13609629760603614
-1.3460520039462656
-1.0032067584440698
2.3060212896675116
1.5129885185664453
2.4301718760715647
-4.522976425006673
2.0686212825516446
-0.6013443331532236
0.01896593810722491
0.006473779957882564
-0.4656793459664794
-0.6254238269707437
-18.930288241484035
-13.862232054062314
0.3438328107530425
0.4054456275359779
2.601294358921937
0.09561839188227483
0.05526805111652511
0.03834315859791215
-5.399693158777258
0.11901919812181605
-1.0919975802744248
-0.002717173319128463
0.4079134559034462
1.6259313058178606
-0.026443839086097043
-0.5362923930719272
-0.20752820834510133
1.5767173089490156
-1.241511540066563
-0.9069153033135977
1.3967728143906355
0.4442877815227779
2.1126823411039437
2.080085019045165
0.20387884756279984
2.11062711356194
0.7731248869245066
-0.2065583913084177
0.39009630556051067
0.038826209731017025
-0.35908637064881166
-4.146792983685175
0.585691260602376
1.447825038697541
0.18161989661822076
0.4926234827219418
0.0768961736649334
1.6461397291518982
-1.073485313643353
0.20645842013403248
-0.09394344039661151
2.3332303532585668
-0.5816897602020025
-0.7039736920475462
-0.0818937935067956
-0.5031457971131492
