-40.41971686243092
-1.685739079285687
-0.08815287899531077
-0.0581708747521934
-0.10006779839920776
-0.09497900882465893
0.08501847622207959
-0.011332391922660223
-0.13931962465300063
0.06607592278713192
0.005963685166803123
-0.20375072042322295
-0.1071401742588618
-0.10974005031959
-0.12060355830625036
-0.11993238664315742
-0.05747740222301834
-0.06909865733656861
-0.25506425704783453
-0.037866329144679245
0.14407755796689292
0.19471593834875933
0.0877337873808518
-0.06250497748180583
0.03158159144856598
0.11578364113088657
-0.1561263252862174
-0.1346146976336453
-0.15378055419022263
0.20920737789226973
-0.09522870581170384
0.08668100037095705
-0.060002662950110475
-0.08971587155140925
0.18461782628034884
0.019913707980301343
0.09707521234116445
-0.13361953478748023
-13.526282744267323
5.712742945133495
-9.659009018643486
-0.12585045848118348
0.2917348624227105
0.767026546714672
-44.18402734371592
-16.967680614357597
-18.029516663730906
-8.149631299945334
-7.834699293974136
-7.791145620752257
4.263527440083143
-9.921304964426401
4.8909262886469556
-3.259044922596442
-14.202017994340288
-13.406416101269544
-48.22367789930219
1.709969660465954
-3.6351278319665745
0.1431121251293268
1.6315685129575648
-6.082542560935586
4.463403808199088
-2.963689570883931
5.709955918779791
-28.938748892289752
-10.779051610807123
4.46662910880018
-7.547392509641781
-27.14056599087983
-28.883172037837443
-11.678221933631995
-8.73131778960813
-17.070489617094125
-23.969590828764506
-6.969974027003568
-10.653904580480056
-11.890759123519045
-35.605898181910995
-13.174238415001742
-14.735995257796699
-12.075121763790452
-24.127440644664702
4.904230925014351
5.513403817648574
-0.9737191628460975
5.450729663107074
-1.0389905941549633
4.842901511782928
4.839191194973022
4.350916567965511
-3.9714068352455567
-74.48798639385832
6.675724124220937
-4.012662488587587
-2.208316367695355
5.910293148171817
-2.3087114925419736
-8.233770936251828
5.107244897193976
4.685949915544461
4.54405085368143
-31.632755527727745
-1.8592029475899565
7.511355593532223
0.7123153692172728
6.4850228223151
5.576091404861771
4.554199859587846
1.8821250554888644
4.70576379618786
-97.01079604883371
-15.898941010119767
7.101791497879185
-9.635021152130733
-106.46054631020199
5.700746389258628
4.833709813128856
-3.548801984441596
-24.962714003527545
-70.82732801780652
5.335872658873014
-22.78560355607869
5.47712243534497
4.39436339003214
6.794899047645156
-0.7075708212676217
6.348991350413808
6.354006163077917
4.572059734046148
4.60280476616685
5.344760201277688
-8.459570988752443
-35.36305089974522
-13.475365996215471
-30.310914805162415
1.856330717294531
5.851847808916713
-1.046844993623698
4.4739504416062985
-5.515991459843834
-13.336135248779593
5.509513831642528
-5.844447418048295
-39.13522213966753
-36.05797991777634
-67.66077738401763
-4.3284686673375745
7.619603033928253
-50.813271703577584
0.8350009786002908
-6.847167483282313
-175.71125146176738
5.550941396131551
-22.60140569083902
4.469869203970168
-6.043654785368908
4.547937199812004
-12.000884985536647
6.558888541570071
-216.36577741479095
4.8905439761870415
-55.73804457728272
5.747186377644017
-0.43920233151119037
6.564018702668713
4.559762696206208
-34.22968861975587
4.973271010999412
-25.894782169584317
5.039902722724013
-0.707388982730373
-6.732950971635233
7.15416890596995
-0.12808634938021068
4.440328993240346
-4.004901812884182
4.242567472341236
-6.140302338366045
7.762627473880826
5.0607348130655225
-0.789206909459738
-16.422471967810047
5.011738680959413
4.581754366428903
5.08011842262076
0.7958136813403063
5.996571097272573
1.8238266071183435
-6.790566739665787
5.229741913227281
4.3939990065072285
-7.474071196896973
4.982168317673125
4.2941058170332305
5.880472778950642
2.335227404370457
-74.79259751784909
-123.01251435012297
5.449228561377332
-6.817051523064242
-66.31493171458429
7.784685468458246
4.872670973546348
1.9309783775517664
7.680404105139759
-11.03460641073382
8.612083535828528
6.447335570972626
-0.5133714723934493
-47.80096752781506
6.1078657583239675
7.521585174612675
-108.19677085397997
-140.63410691871073
-80.34990239458153
7.919766140766249
-31.995972637756438
5.229475590159195
4.793070005913375
2.640630828270651
4.374222936687515
5.279161153134991
-99.57180552431646
6.323142395943558
-11.543851105372182
-2.897185090245027
4.501812518353751
-14.141159806614603
0.6391389792327578
4.360686099817817
-3.7293910053448593
7.141316864060119
5.100022873127106
6.030634295713725
-4.333339821364746
-8.083810772836404
-211.1717973780144
5.168554695257966
-0.23252501754263322
7.574570397495137
-2.5104337661450415
-7.984668037619132
4.818983466493587
-87.06950626749261
4.890921512667463
5.346335544289211
7.024629202283852
-13.6622688223501
1.9011044971412259
4.454004960765072
5.6051322560865025
8.087770444137501
-69.1258428257543
4.618992761229955
-2.6755927718081627
0.46212797116751225
4.813098112419162
-3.6147099996200205
6.098547307915178
4.470384847877179
4.673621355241558
4.871147864893134
6.387114811849122
-10.41413191910122
4.962470542054542
-1.0499758929916667
4.64359374067123
-3.9666504675273924
6.739575518253054
-12.481009788227796
-136.0148416966542
-0.8589440137661857
-1.6010784667715856
-7.170014449696058
7.424463466120251
0.25766185716746204
-1.2645457349073752
-2.6041758825015
-58.01043235147266
4.238169380318872
4.713842387092002
7.379645172976177
-79.37787765621374
4.765105887497175
-24.430758024036066
8.977211176552313
6.239120479049209
5.995078063395425
-31.793014378808497
2.0048771524490006
-11.071694027490935
6.758923329430205
4.587499011109674
6.670924052952671
5.210894105315052
5.27576164642307
6.7347594477789645
4.461165283658301
8.471181012183699
7.47391352374199
5.275001376562992
8.194363472782902
7.34360198185466
4.387048463478314
5.079502501220029
8.308320068514403
1.1202589011462294
0.7249247653614961
6.328294756043688
-0.9082837154620118
0.5257308765517279
7.898905963919357
-3.1953144681475756
5.203279732316148
4.459729723850689
8.128544524191952
6.164112464514851
4.098835015769593
-1.8395866293340575
-10.679388070458398
5.082194463811563
4.391784915567513
-2.6522034857858836
-0.6347396962635086
4.853339772646505
-113.39694620711163
8.943737361371678
-0.4491860097577982
-3.0813999229604834
0.6892132093897161
-6.599707935040962
-61.962201575543375
5.383784162321468
-7.815202550179202
7.589386249917136
4.4866776483246165
-5.054860403774174
5.2151806198252295
1.4909246479285965
5.299227767441852
5.8523674425986965
-3.4950441720943175
6.132779445590559
4.615457821618285
5.213916201863669
4.296522541476127
2.6455076186891344
6.183622838129866
4.9548968359259575
-23.78006249622912
4.658400208150843
4.934675229302118
4.351277372543292
4.394238778602738
-34.38855409966417
0.2893895470694523
5.590906442375979
4.945836075829689
7.10297996449743
0.6051403040068268
-9.980258149556942
-24.292722179324546
-40.32970462471441
8.053267596726155
-6.826354622988276
-3.4229361214236684
-41.151231739769756
4.43915915383605
-0.3230816425000509
-84.61549871969191
5.140964679238229
-38.614786594193156
-25.58832604150694
6.4641245455770076
5.535435881885707
5.227462213032641
-12.979516285188339
5.494835554673299
4.564206370291213
5.441735497651595
0.4899713400501766
5.188910508433638
-35.00334282240537
-73.8624447618884
4.94739288482274
4.54800139435306
-30.433066156784065
-0.05059679926742566
-5.081055465465566
-24.31400920476048
0.7622049227587617
2.533334513069774
-17.574542364138473
7.523798660842678
4.206700859201163
1.435929218348304
-151.99397425640632
6.182118229545775
-13.856591032801205
-0.19099347907022102
4.396136049041727
7.240238564274273
5.971510975624816
-37.82747576075132
-18.052202675543576
-54.87936564937762
4.5073012772800976
4.8004727965733185
7.510005303310336
4.371691028706868
-64.17020955810767
6.817541091302174
1.7145945770899207
4.512659993714484
4.222815345668126
4.461851637905883
-77.42754607807949
5.159219098716281
4.89223496539957
6.878497793898783
-5.4962758522551
4.947309556665328
-76.85204432161058
7.814504839011581
-10.298710552986716
5.404188608520078
4.944015629476057
-13.780422235235374
5.1582194009139934
5.659956934530279
5.919472888069308
6.11338797807443
-0.3561892519134746
0.20227505198716234
4.629684337805062
-11.61215982508789
-4.67439885794248
4.5552077101266235
-15.592252178447268
5.740751727769037
5.915379308546759
-15.48828465133474
7.525596695927909
-1.6865575497933447
5.758086250725642
-9.793810314046025
5.323361730887546
-5.073551689027206
5.713160678370629
7.713900664784628
5.951529981225621
-108.13648598008476
-28.888044568113035
-17.245408129014944
6.422636693359021
-55.48910229084267
1.7536420012593739
4.786588509865749
4.790408828529431
4.73938399839951
5.072153871079865
-24.119334459291824
5.261861455459503
5.482460147814366
7.895310299902881
6.525840989776427
5.684588104299644
4.716735305047275
5.748096318404434
4.683117984742561
-27.358954043948
6.127539559193741
4.789438171687509
-1.1006466273406628
8.124609213952525
-2.137175918335937
2.4158517249900644
0.36071380428088773
-0.3235705660619246
-6.98641585418528
-5.83088949071987
-2.2920128478324107
4.382398595249151
6.10299149001988
6.407137585258888
-16.992661440620285
7.323956427380649
4.985669092816586
5.288716454684977
-3.4655142354063013
7.614027105945112
4.250676060591328
7.104232795545311
-4.704930555686314
7.086904718363911
4.650831178086257
4.972459008132032
-1.0157012504959004
6.297592190141229
7.006168582263923
6.867062976328417
6.00828024334745
7.1526647915891495
5.298793120832578
7.280393874515102
6.039101951447799
4.270767313417056
5.188547477676546
-5.440621527560321
2.8336901428390755
5.9038434117366085
6.364014458034724
6.091542208862
7.51392605049622
6.628327152982235
6.27878545957136
-2.057786791557345
-11.140974032630506
5.214298058485429
4.926601473821522
-3.4798475458914178
5.923161821828605
4.759030040611824
6.536451336987056
6.027138852669699
4.485368679897997
8.87374663154006
-0.31563806940154304
4.797494859034035
5.547553050712626
1.096573116730604
5.001279544394152
-3.2951655969756075
-7.614853126819107
4.681160232179868
5.41179593143044
-4.337390764031127
5.418410562022185
4.600321454678447
4.697393305801215
-3.3948359878903496
5.035726721775397
4.362537479790543
8.789671792036133
7.668563596750165
4.636689742344768
5.951316428750602
6.261100647452087
-27.65339430255774
6.007143194565573
-0.18433295725807364
5.780453443218367
-30.604855874566283
-2.281195386175443
-18.926544853118273
4.446132318400405
6.07495597655516
4.497614593015938
4.541180148402823
-17.380773834216004
5.548915914172246
0.7404065730037273
7.166360912286634
-65.11975453856964
3.665608293093377
6.848329622501076
8.342305757639666
-2.464308034916288
4.2633261424820175
5.6463916140856565
-37.46907233786732
5.547000473609208
1.7701491677088819
-70.48670746608938
7.138584619560998
4.727475150626387
4.777611206009773
5.729740319539582
6.669565745301357
7.141812453445787
4.410572682187423
0.044265317156512385
5.725833959396075
5.726565755663803
6.703276161527011
4.514291881345418
7.713196302036065
5.316433446365426
-5.837182963490713
5.127677125458549
4.489270121008702
5.997213467043931
-69.522206230514
4.930445217827283
5.748235044745452
5.340537567714048
-63.76841671712459
6.610566598323638
6.234014349712405
4.324510895655815
6.077926187291081
5.837116589054185
-15.723214652593963
-1.1924078773476232
-1.6162045211927527
0.40911552022413744
-2.8236436581151185
6.194383302346803
6.033365800748671
6.2339801747253745
-0.29227202779645167
4.965041472456843
6.165734985629479
4.316389059312262
-7.503577333230003
6.612242154755675
6.243577710325376
6.490780972587645
4.430217919643958
6.160910048669635
-3.4620322938253016
6.149646873969043
8.068210919245352
7.204566444118796
6.002358947843374
6.489510224974946
9.957648483782794
5.465078242204565
-4.174109456400968
-11.638706133540822
5.11853525713773
3.551278264619353
-1.2741536175141936
5.743886059362086
5.09953256548856
9.584062738866413
4.318152499316121
5.067545837117504
6.74204922891513
4.720631865868798
5.429518389831934
5.648645287676361
0.5864098035218697
5.321066264545217
4.5775574055818185
7.532704694859838
4.335856852234912
8.023343663076336
6.993478050232189
7.562015206463175
5.062774334866534
4.462177717392891
-0.7908339267645546
8.858476201885237
6.312524289490912
4.245294313361944
0.8524836715405235
-0.13355991299089043
4.324898700838983
0.7522710369988319
4.606600366225285
4.341952508635242
5.807081562251009
7.0319015246160905
-77.95997380009244
5.50223245928068
7.227320010544572
-16.289469848904776
5.557514246077545
4.612526953444076
7.317521992135596
5.051034673822693
-6.790295212433777
0.6266278350736036
-3.4281651857559603
7.006032053766328
4.942301587404882
8.438719854700482
6.010524193956758
4.516463330850136
7.015115216183423
6.904419196110428
-9.576500176669635
3.74831656650637
4.306097235326924
-164.6388687839145
4.981726002600956
-25.896555981298892
-71.39291246334851
4.372285607006145
-3.2440900288782317
6.840389200389376
4.27816369646104
6.337101562836253
4.768365244738101
-8.895621860883027
-10.449284465365974
7.4591045554679205
5.354860857525558
6.798322171833213
6.167506674469054
-0.8799433202423903
5.317717622267598
5.412070627088527
5.180809419434372
4.756140775636527
-38.057301823516475
-2.50610370255398
-1.2599883060013335
7.8848121413116266
2.061467377807439
4.916542667560238
6.4390899784672575
-14.043883780375715
5.979224900241682
-10.930918691322155
-6.3938594448621195
-60.32326387586637
-2.3191307347897228
0.6297016511336238
7.1099442304102975
4.2542594099707145
6.4170438246989905
6.024783930076731
-0.4391093249446638
6.01768058102984
-16.70554948481166
4.5040453099450435
-0.8963546020175044
5.94721936009781
4.926366212194486
4.2793618691746165
-6.676514323578164
8.790277050586864
4.662945902632627
-24.301813138519478
4.9874681197104955
6.873788435259849
-3.7044950962815717
4.220603791641455
4.8255705537535025
7.930918082934054
1.7398024745380267
5.216907905978907
7.006196229359136
8.417803857842056
-1.5255246595503613
4.656166851569594
-5.48818685570558
4.73001414020761
0.3793427347112046
5.1447542120158865
-34.363948849291084
6.865216051312311
6.042255750811142
5.873972312102058
5.853104794849534
5.829332643814725
4.786714793854602
6.152716636680774
6.374810224335585
5.689231633484856
4.448148484744331
4.368916625201254
8.944097679104072
4.292032531602053
6.569653428217477
7.181479429416636
4.715379707755077
8.509396101988646
7.353782370750421
1.0615287284989274
4.464666463965518
4.530530835570969
-20.11115842866368
4.637225793783311
6.0587748282294065
5.981667941897966
-1.8818941782289564
5.395507556717119
5.222599398878355
-6.797057387956256
6.30446310249412
8.269454632967198
4.315159081910359
-5.489463733803447
4.432688306979137
3.1455117463164046
6.303749351063955
4.017932987482384
-1.462091880261497
4.4861182038161225
6.206667459769092
-3.2265297613707844
4.9969763644631655
-0.7858332478180761
2.0953942118867923
7.249894758708312
6.0804479401990505
