-0.28523563211732483
-0.0008173812326006669
0.03351414871792002
0.1741185187650549
-0.1270014197599405
0.05579617216127364
0.11536253305797572
-0.1580348861133789
-0.029903713669308996
-0.13044796858415264
0.1117197042048641
-0.028370096246511878
-0.02923212364385286
0.03204144147123955
-0.0057983371370138315
-0.08606255051635436
-0.18181980912654971
-0.06536533170457215
-0.1842406953851241
0.09430785644556572
0.005902528052584621
-0.04045872840545339
-0.1289369075867164
0.25031918806456943
-0.1351964210110559
-0.06373631053482409
0.06610522408681607
-0.10199810009497501
0.11788192388336682
-0.05901711187370928
-0.0672351695765423
-0.06577976813337116
-0.10650486436597273
-0.04683279705823029
0.058835228195865064
-0.08597140636535361
0.06797252878728077
0.07452691993881455
0.09684641855716247
0.003908977641334133
0.05734178361041087
0.10623821192350213
-0.07863465443139273
-0.13247571411285985
-0.2434238889642426
-0.08646055526919838
0.16083916596443082
0.2037915393539631
-0.039500752398926586
-0.03747357817479413
-0.19970357080890278
-0.15532270528806702
-0.16628946343754514
-0.1485132121644135
0.03481328474866796
0.15028047342883255
0.04826615843891924
-0.15700429898805446
-0.11649534247572646
-0.08987890319987812
-0.15143389074259073
0.08674303949040807
-0.22081789034891397
0.13786454486735877
-0.05715052503211382
0.2610217522382552
-0.15623572027648347
0.09121359568185206
-0.10561834295440597
-0.1662098036237456
-0.03847226651692015
-0.07842506906347424
-0.1993768145566701
-0.21858481432640575
-0.025636082001814664
0.0918891563695019
-0.03274662836794828
-0.3774200484707455
0.01976746633030313
0.22902974030284806
0.03522704993929349
0.278273141540776
0.0009831612287349856
-0.05783158245211695
0.009227588596963265
-0.016881743106373026
0.013834578119498175
-0.19262479726971904
0.2237353737496317
-0.3254130077229722
0.24450375959798887
0.13966417996038327
0.141191167983596
-0.00915824321666392
0.08940708812011522
0.12362538754462182
-0.20402751943359476
0.1950558976928023
-0.014004880266464959
-0.11002686405322404
0.24678932401647913
0.18796980919774242
0.06734311630923351
-0.03310221452018913
0.05124566584063839
-0.18860166525626365
0.13067440823574472
-0.01443190627658586
-0.2258641867480211
0.11062352596736602
-0.13570570332243648
0.1990172749526664
-0.21981541555176465
-0.07925548559505824
-0.3116347367819836
-0.10895456468702758
-0.09856994780436601
0.15488770864526114
0.1415646726766857
0.1071929051316527
0.14890475084019972
-0.053049600285296705
-0.04577673288335049
-0.08042974776103051
-0.008015621965705932
-0.2339642881876145
-0.1252657218699742
0.13412204838994013
0.0045173934566786755
-0.05506943752572191
-0.0038125229902066238
-0.02068318362076127
-0.1319820066382329
-0.11400317475493527
0.2633641235157622
0.09603604206588123
0.17179264645649095
-0.3464273124643986
-0.17869200276733155
0.05883630793614625
-0.24709113467097232
-0.0772066798011588
-0.041554976627296014
-0.3384877587814019
0.09073110044755328
-0.027353204549656063
0.15720198665907947
0.07400682545901027
-0.0036503302334134347
0.26488518214249535
-0.2673903460201279
-0.2368514597616489
-0.17780667605647427
-0.18482766833686703
-0.2770763363263846
0.13336257766509885
0.007506617980075347
-0.08117417345837419
-0.3439918497891945
0.11364565746627608
0.14865118487085027
0.1474312805393918
0.11835121498522794
0.22589161446836403
0.19335252379171486
-0.06855228138808656
-0.0077558478407997455
-0.2121323865367053
0.23624547942493201
0.0989510193069365
-0.029414620450950668
-0.09026975759594258
-0.027911768316707608
0.0632487079225772
-0.025492328496858896
-0.1888046447277727
0.06405968855324318
-0.14013740748170633
0.03282979589236934
-0.052206395266162886
-0.21216383278423567
0.11113068739148702
-0.05101858353232558
0.10560559918152634
0.25298547614408395
0.018478265707675412
0.23467622904713714
-0.035801082041087895
-0.0901749420541087
0.1713648609183922
0.1880440585803389
-0.1577585569410047
-0.07505062047730782
0.0920234503651276
0.0016153199874309188
-0.17379388730317746
0.07504006551927755
-0.17438648441098792
0.1435135235117162
0.06887951351112864
0.2536455019723407
0.030522440426768327
-0.015077171034518333
-0.15670326588753625
0.1266317058983084
-0.21986610030577225
-0.2230909542803423
-0.11161024882879822
0.1343350312483409
-0.07303357790496001
0.07965533174495842
-0.08728399180118718
0.13596408288014583
-0.29781401069427904
-0.22276595971038837
0.23266664989883035
-0.09953820927284429
-0.017816453240649288
-0.007557224952755348
-0.28228669847908083
-0.19272011800379119
-0.05617329433019691
0.1977642077261077
0.16919787574368428
0.019407804940082762
0.24062294100563086
0.0386966964176132
0.024292141667618505
0.28249011573048577
0.029361590163625273
0.08795682929142323
0.35259633233847154
0.3050168612438693
0.15424281025026065
0.057464245629114785
-0.23241947645792793
0.018364992424383164
0.180684083773464
-0.07621144610412411
0.15397037418289283
0.051511324875475495
-0.011788202816203075
-0.0553868736998675
0.0883818503914493
0.03247635699627338
-0.04907380717240084
-0.1646251028526735
0.10133247726951078
-0.19655055720873982
0.10066963079310298
-0.2601867803427824
-0.049724337770338245
-0.18872408264710305
-0.21254843749316343
-0.25054733585165456
0.05254323657716853
-0.21813770761712625
0.028691106740671657
-0.11816227220065034
-0.14757598093562052
0.15622369022324634
-0.04818810753333924
-0.12355748449178083
-0.11560063083356997
-0.09953350651599147
-0.012266323258308454
-0.13101472768459432
0.0894268836994665
-0.24605353235463667
-0.12466583868476722
0.2058842224324322
-0.32288737039460536
0.030999757650048032
-0.2849406696584378
-0.22758692118523793
0.059603901052923014
0.057879731339527396
0.07588988143495357
0.037166144374816135
0.20734362604849466
0.04505223335365782
0.03825742418795741
0.21223970652253632
-0.13177581108560865
0.2507281063381841
0.26059224292104455
-0.02194007668952569
-0.0935695251882489
0.12565390680386956
-0.19322530804657312
0.1639722621960118
-0.2771168236667556
-0.19691054533011965
-0.11568693863088697
-0.20024752589952843
0.13038416100072148
0.023539071473391182
-0.09560828495014828
-0.23639089709418926
-0.10509769789272205
0.13011640622875476
-0.1453075337550951
-0.01945481402882443
-0.30286517169325133
-0.1964648040038699
-0.04418551266790516
-0.17449207538774925
0.22109429619298382
0.1772168493555597
-0.050847642700062146
-0.0064509765915161665
0.08466192889604418
0.05747421380396833
0.16906569432022955
-0.20107543734467548
0.11958149071991153
0.01715463388516003
-0.03902960341538009
-0.01834086997345885
0.23060693184271752
0.07328515758517895
-0.13903526336164074
-0.2513466376306823
0.3375200128300291
0.07662279728535104
-0.2607684715862497
0.008200600560977378
0.1587313055634887
0.17068595587829183
-0.055549542420529896
-0.12506159503440095
-0.25918618248411107
0.13460259493683857
0.02287308084510542
-0.11092553679862949
0.0012120464422240573
0.0015541452137419753
-0.06530035056124195
0.15091716111595677
-0.364671255532496
0.12000135860986827
-0.15395043775488304
-0.2847263570778287
0.04782361881555097
0.2509433341174443
0.08647529927568876
0.1748443170409706
-0.08005523317718222
0.016518303266233936
-0.25263494963642685
-0.033141326913350255
-0.06783468310374019
0.21201314580220654
-0.22336166175369998
0.07113447868665812
-0.1757987623747841
0.027983014147361374
0.15113844752519512
-0.3407669884189586
-0.17202098670628807
-0.1281632874790235
0.21552867112614127
0.198166878894253
0.0015602939922816361
-0.054657578913377414
0.22811022147029636
0.23218231469314254
0.08422875032902599
-0.09731200679586127
-0.15250742646793158
0.0563613643938643
-0.1179057401499497
-0.1469470143385574
0.29477002540983444
0.015394293834402717
-0.10172565462669159
-0.12884054360867792
-0.08226235508368873
-0.20354467642037832
0.07010894994114647
-0.058757457395356205
0.04481302014442701
-0.12178149426110263
-0.23239371596036396
0.2481089884819374
-0.2539256571298587
0.14880925827289815
0.11994931355228644
0.2962285015882369
0.07722207297519912
-0.23975396622181755
0.12640027751169658
0.126561649946888
-0.26567294320535817
0.14891952986421586
-0.19462512288083023
-0.036588256410091446
0.16211093697766188
-0.15533071153271427
-0.2468116997788412
-0.05982066376651751
0.21141076159119265
-0.15661057815820367
-0.21441511532920643
0.15309447114130803
-0.32038665024707136
-0.20253468204840175
0.21087439489644932
-0.2861163888610223
-0.12143468066697327
-0.10190427619607245
-0.22018036900823823
-0.010494688817269004
0.021341058657141865
-0.011686349704698173
-0.26190191123267237
-0.09827154216967182
0.11052411671607576
0.18141401049559924
-0.27320498117825576
0.03977596031103614
0.17697438072409888
-0.07120537098939916
0.09105116325590057
0.1830893826737796
0.03198154569040135
-0.16661457739271768
-0.2044207515354941
0.08389465973279275
-0.11551380802877187
0.1312551960002466
-0.1790243705399286
0.17461620439510783
-0.0681280457777822
-0.22758407837491568
0.2438981232041968
-0.15233271783996294
-0.2773372393996456
-0.24198874674379933
0.03964702679641263
-0.003504158200564156
-0.022404882126216386
-0.05324411092095005
-0.11028621844464759
0.08526410456016187
-0.09793063172711403
0.20872589184972856
-0.011155267077792352
0.20025726932632182
0.004488265632781818
0.1527573791319976
-0.22284972051460095
-0.048405544722455396
0.02358590446110309
-0.19745438897099454
0.019286472374800745
-0.27343804370846225
0.14367246648507326
-0.212500245487246
0.0026799481390629154
0.010560169571345313
-0.0895921269572213
-0.18313149452102095
0.20452056700170917
-0.04151119803520764
0.19628379339582436
-0.1896278031520353
-0.24479844427564412
-0.013794641380355355
-0.15218507367648915
0.02611667502133308
0.05489884927422217
0.1264777055522428
0.15813853523537524
-0.20179083260399366
0.03257061695019736
0.03980967108760147
0.17600007688721586
-0.08866062536200037
0.16718980486328494
0.1256542432547172
-0.07023905595351865
0.0996170136158856
0.056192675565681416
0.20077818299004946
0.3044279013240141
0.10880309756446627
0.02940024137542263
0.14553787364408244
-0.14860608037927525
0.33822589325673436
-0.2869009487925176
-0.19778023498985142
0.020431190385623132
0.09150166931460202
0.11651713386377782
-0.05071971869934355
-0.14523712952793666
-0.01616214286905837
-0.01314075802859005
-0.08937884183957934
0.09412956792268634
-0.1593046753291656
-0.11513334119882224
0.013291130930341843
-0.05852285401205748
0.11622274460142812
0.05707353575675711
-0.35471122811738987
0.19364725207375777
0.11142537690170373
-0.1886458818601513
-0.04359265993015393
0.039000711857526404
0.04048258355964052
0.23214750373463966
-0.09322263637555395
0.2548762153229571
0.1128784495086812
0.18304876137192494
0.13412267830965519
-0.15145066732987011
0.1360493742746698
-0.28331952001765126
-0.225211602491445
0.02656994166307758
0.18162673962160536
0.02939284637533035
0.002086597103232002
0.058450715537544884
0.11844035852257484
-0.20195165110304014
-0.15166235814007756
-0.154531181292354
0.04696985853229485
-0.16598359282582287
-0.21803502896986782
-0.13251618151477995
-0.2005443481989042
0.19445096400573636
-0.028258545083440723
0.08848657793977743
-0.02276655934702898
0.2166567941145061
0.3687069090415651
0.03917496219388816
-0.2517190656415975
-0.34209043900648783
-0.1866211778151654
-0.023964685874886094
0.022100445003728986
-0.16604647562446484
0.021947096359483442
0.05090363887987204
0.05965030612808775
0.056787595070962205
-0.1452178371786097
0.1897854343928791
0.029457072074286828
-0.236846729512056
-0.2185441083590085
-0.17635902618695543
0.12347619372627783
0.10720630719431501
0.24846476623909997
-0.02031061913624921
-0.0028370486001767503
-0.14011691518396185
-0.012276820487065798
0.31178751219278844
-0.04353955892292971
0.16924292801070262
-0.03225053527899657
0.03728101536079942
0.1551694779725903
0.0985052909338382
0.23010919437020316
-0.08463545045267473
-0.03444972544545699
-0.07695376749160676
-0.13782767163569964
0.013579197025882728
0.23774144476605485
0.04764994840820691
0.0163592489057951
0.03409110708666496
0.011250287914290169
-0.22367025730301382
-0.22631666608437406
0.0804684922221286
-0.22602677989803954
0.19276178105652875
-0.19181890815887748
0.14157148163505795
-0.01363713352656859
0.24782715695587498
0.15207682350065
0.0023182918875219727
-0.09691959452929755
-0.0025895596002269983
-0.039490906615868404
-0.042855812665457016
-0.016776642193975455
-0.05343311330185152
0.25578594512895503
-0.18645583910702257
0.11887466955420045
-0.10415479680147
0.026213160776723754
0.05852984491474844
0.10097070476162262
-0.19666893847038525
-0.10847324654377477
-0.09746146884500684
-0.0539119319228174
0.0834484075294375
0.211639926566912
-0.021752755729336215
-0.24133187315536997
-0.16905815816627445
-0.07455981507070497
0.10292281125757707
-0.23719518750716295
-0.17906124946626
0.005266068227043341
-0.2613286449471328
-0.15759251501326776
0.02091124592162874
-0.07255035455597625
-0.09399400552939863
0.12823476831466518
0.24731436452196043
-0.05642279967302777
-0.16516486616295323
0.2276413210225643
-0.31751695126235546
-0.1546723212608736
-0.2918788826145846
0.15335288696725158
0.16561693978104586
0.09982711493001073
0.252320539238883
-0.1467954658154862
0.17745917223149377
0.10296673954789792
0.08415636622880918
0.018220555122007376
-0.19876416557055254
0.21885191344585397
0.10474108222341805
-0.10792129449261179
0.14036866129434333
0.30475233745250385
-0.07307564437070235
0.0638515288373247
-0.145065949566213
0.1677632650216303
-0.022814658632509754
0.12239557949770141
0.1135822818952068
-0.22387477516199183
0.22573406857219958
0.13339538176070143
-0.20544259162841705
0.23314691900197637
-0.04035254022742141
-0.05817221913866266
0.0653215614723317
-0.0023321625613936803
-0.07920408594067396
-0.3235017584387503
0.27623834259960134
-0.1309937411191746
0.01668391623269372
0.09380668372828982
0.15836527986118565
-0.24908402660665008
-0.212616411973646
0.20649048420147853
0.09285014660695712
-0.21908293728818862
0.13037139153491673
0.23885523027906075
0.29358638960026884
0.05055568973799929
0.026589412182556504
0.08244556051619512
-0.18659247711048632
-0.3344044112636819
-0.13926455616527633
0.13660760114016135
0.24085247575109126
-0.25004721969126864
-0.13494443452903315
-0.305488161431656
-0.17059130038974146
0.10952706617480956
0.08493661270016961
0.24888900210911702
-0.16259626291328555
0.1130339579496944
-0.033861900536463097
0.18795840593883106
-0.039418301589853044
-0.21432578052907791
-0.11319702769088913
-0.032988668055268455
-0.18793800414027562
-0.019362969330259716
-0.16095998334390504
-0.08868079421324726
-0.16031294911669125
-0.1362359556315118
0.07337679579247425
-0.027489835025443554
0.05175510343808343
-0.1550718643626059
0.10120209659849344
0.134058075313209
0.08575847051069374
-0.19825015490129427
-0.08546683523921672
-0.2591742335929119
-0.03390678828422633
-0.2263997930869106
-0.26379372356614716
0.027024967434336133
-0.11888168839538427
-0.0698527977693919
0.01226431451660126
-0.22336342112196927
0.14691346081016476
0.021808463109698195
0.10091057660867175
0.004827265029442529
-0.17296985086348116
0.05237786435259917
-0.06407663456998414
-0.07913750532888209
-0.014861329693172998
-0.17464080016847028
0.18632467843881884
0.28808572347880457
-0.2050715010566373
0.11753501626794272
0.04783682802835543
0.02001193788872868
0.20244479403043858
-0.07999301260654335
0.18764627414472201
-0.029549870487019625
-0.15992712704023937
0.11871901606579982
0.15289126028371935
-0.1750427043703331
-0.07359676556728889
0.04144894335043947
0.03985482763212378
0.2605204013050333
-0.2132808549985521
0.0237834474557026
0.19137704318292048
0.09548408311627643
0.1694566119956198
0.016273209395667898
-0.17134941884400146
-0.14534328970233368
0.15429657405191932
0.06287984680439163
0.05308233207097546
0.11272969502491303
0.11251113047947303
-0.008450967768263595
0.2104077733946097
-0.09107542803012514
0.1537087775971946
0.1127321005598576
-0.07165500858590423
0.11879865466804773
-0.12374407204388582
0.03054239285135285
-0.10494863434231405
0.3143438567150092
0.1509352997587179
-0.11812986451378293
0.10495906473334582
-0.07205260816395231
-0.13538499270113125
0.02471168618519126
0.06738404209098281
-0.08570533409022296
0.13881390343377298
0.11246117242310394
-0.14639030809356868
-0.09331653684690355
-0.07057977694609585
-0.13016694008174934
-0.04718302979809952
-0.0698252289596395
-0.09330388904270226
