11.190157035902368
-50.85326465375051
0.494688402756446
10.926633363856947
5.010750357975169
6.5196110570103585
0.41527042174278206
0.27368913346034973
7.574266584230589
7.470108498460739
-0.8646758217452666
5.309465297081294
8.11942421485841
11.684296342084155
-27.15059643581287
9.52066266970915
8.968191639376611
-2.283616306199819
-6.814422808341396
-2.89031716620248
7.315852878362829
7.308040315386687
11.905774745688483
-33.0602636844548
12.094305415618004
7.758460791127012
-10.384933653966408
10.97318523423013
-5.7417469255652
-10.901041010196327
7.636110899693436
-13.332751820766358
-43.49750271831296
-12.846648599081291
-21.438327321049364
12.407594693199751
-6.923466062737391
-2.037610376800523
-32.84980075367786
-9.713787136408312
10.316204225870116
-34.068917235662774
-49.11701881356167
3.2680036685892007
8.163435069632307
8.582282953525688
11.594901877842112
-84.1760733442672
-37.75145465996394
10.539564867641001
-19.36987021509754
-19.919306435691965
8.27213286639861
9.868214557795813
1.6592113970721285
-3.8248260619909518
8.876472210202568
5.337080477503608
10.932673539189189
-30.02045979192152
4.348912388750176
8.137319114006111
8.348236063444944
8.3985043384609
2.9571159237245013
9.361952988080908
-11.932784486823634
-14.142132437900823
9.137610738412857
7.8043784093328625
7.296062888071971
-38.374376238023146
8.694775319384691
-7.942290989210241
-4.671999463764383
0.5130216427733593
-1.1471186608839776
-3.6500432175272235
1.9690968983655737
-3.168513542792097
-5.096895756207837
-18.274552366568532
-15.189912676074487
-21.96398781931331
-25.06464346580991
-0.3909439593480126
-4.517903982617424
7.8060455603104995
-3.7370701589319593
-3.8162198871690913
-4.3382630029537665
-8.852230427589637
-7.340220134346019
-10.667820361669618
-12.746641236711056
-4.0094028943070805
-13.595792672955216
-16.037129754119437
-18.23555452377278
-14.204949694119424
-37.28469388950047
-12.473380451676253
-15.986133061715835
2.561537577501884
-4.925420254640666
9.788749789346234
-3.041213909222356
5.605466057212417
-7.361633074239881
-3.718026066153366
-14.248240893026397
-15.274537755837535
-40.23574656081861
8.08860219227834
10.96366719673189
7.503382222143895
13.124575713447248
8.145273191337346
2.4661283941528676
13.39184430536589
5.315783395635834
9.952155634602468
9.811661501663743
3.6895688427353983
-2.189421803118777
14.689590274838977
11.793410150575967
-8.702165038787998
-1.3677988033687905
8.332962587680395
7.807834255516486
9.301157304379528
-6.640267724487628
-17.28497374314319
-22.506474679240796
-5.714297081704647
-4.570774509261199
-12.36433917303556
-13.458699056896368
1.2211192894166358
7.998379185038393
-13.654054470941674
0.5665534329408741
7.433849078787318
7.299316506457536
-10.036660341367952
-16.431318750588787
10.65938635909571
8.403807091664879
10.01641822585208
-17.890430595341773
-3.9665499366173087
-3.2119660837939277
-18.025900984863807
8.676779050037933
8.529949672019672
-5.45282912470717
6.193622508194545
-6.27003428882842
-2.57841528592597
-7.892231451475594
9.520402114987306
-6.254498026624386
8.69412672021112
11.583550421525938
-28.541588029822226
6.151848725283404
8.80906164734607
-2.03162963802907
-29.698776644113835
-16.05312798275317
-13.206769206222402
-13.170645657033743
-20.060141375798082
11.748929107128703
-16.827579469853713
9.691226155380402
9.53949020382203
-3.442103963979436
-5.514389242306772
10.301639650470332
8.158481804436072
7.611449841110392
-5.2225036450293505
-10.099153235300593
12.555159066090724
8.634653262704523
-12.417127449269007
7.83021244181097
-33.85906987507806
7.488571695207909
-12.164135359941037
-15.652087300823233
8.229349070242222
9.396561219784349
10.319929582592852
5.225071912839674
6.625525846509669
8.195655267832903
-15.336205822676257
7.52524627959155
6.236714502960071
-2.896342479974353
12.972856203691496
-21.371002007406627
-3.558713734651124
13.07538826824452
-47.59002127251844
8.337726951935467
10.028773861992505
-62.84000191713091
3.040588798971994
9.509991748884254
10.379708166606488
-31.62851637208406
14.100693831109133
-42.93736773116081
8.539092830923591
8.138772045260946
10.588342282536296
11.868175882422376
9.07698276861379
-67.21517980610979
7.088339345267151
10.874855412387431
11.052466924391208
-3.8689452649359417
14.79292397298219
10.636346676273867
-24.597671523446063
9.815099059008892
-8.366008039592497
6.074653440159034
-94.68179830213089
-13.062632113663431
-8.963563001781718
-5.322509509186803
-7.680714051887607
-6.8601869246879845
-5.139729704790223
-20.317313488933564
5.1002609650655835
9.998036275791051
-5.526928010828382
10.373363661065955
11.38412816513275
8.227357050192426
3.806937868641129
7.751284159963056
4.620577677418355
-33.47738400002744
-8.535388760569493
-0.12662128310089615
-11.831143790816617
-42.98409299878378
-18.566526825312273
7.551381866687033
-11.737387534383991
3.2215361726685394
-51.85525397626692
0.3238703305608421
6.457648834615242
2.3045407581087707
8.398285375380384
8.175735495345307
8.219019377141542
7.250355161153465
-1.667015202517267
9.46825389028109
2.90943933873251
7.456653774169551
0.5775333523305006
7.687287478850979
7.50525205452068
7.6016826428890445
3.9459707265600334
9.78509069425601
-0.9578178691081858
9.114870845266978
8.027607240054605
-9.930706980730605
7.259846558558115
12.67114701327927
13.817806907498458
12.507267414798068
5.062412002566173
13.840021327757757
1.8822854334168762
11.25842375368087
8.051121687502693
0.06431538006708726
4.529198252890175
7.871034971631565
9.140428404210818
12.724930394573075
8.498036265301772
12.08362511131244
-5.630877749525027
6.030724392446835
10.366431979592118
8.7985296305038
7.758119606568949
11.705229606951196
7.240417589777126
8.26436316727851
8.642194642761082
11.980677534269603
9.49085614285815
-3.5411905167517865
8.734086294108902
13.942565742535301
8.428182120256036
10.648115799370277
-2.003207476725198
7.521290269107143
10.459188014555531
12.735054473378774
12.096191722041457
11.78542491195334
-44.53258522318961
12.266879991200202
9.030855863267927
7.455593037031992
9.17518914618689
12.056925033965104
-21.39271940501813
10.14724235664289
-13.109235935488442
12.511613607194198
9.562233681945429
13.01549396268317
12.907706679318407
8.35594058246257
-1.3736046200407626
4.076951360579117
7.392146748047308
9.977678438866922
-6.948228668874001
12.381365405823127
7.352901947964438
8.221908311286967
9.128556499936725
10.92087462557112
9.05578520281779
3.6011866891561493
0.2919450455810422
12.490844873810428
8.617059390581474
7.110440003445145
9.505064861105524
8.376938710485343
5.249850279867265
9.42549168424123
5.265356254676359
9.862483727583
1.2811462609052093
9.844386988152193
12.554103834198669
10.490644393232216
7.801607331157353
8.122922950607986
10.108370519626135
7.869414961399152
7.065605569893886
11.2870240429538
9.475865001919036
-13.871628568309244
7.532518278330539
8.252837820471036
4.691422521136292
10.556335282293688
8.597498844517588
8.396137587356925
10.907300863680842
11.267243871602762
9.771080112728034
7.441572252864505
7.979592793869956
8.525886828635915
7.8809305506403176
9.97058329109412
12.039249700193146
8.603524328039736
7.060279251479337
7.224571887717369
8.957813299197584
9.13857435985429
12.222186467542798
6.9366513297970105
8.055826208643108
7.2507902040509595
9.041627391344115
7.504693354644256
10.642084162310539
4.739200172214379
9.576905717276173
1.9535583011148527
7.970572942071932
7.096966620785244
8.465275654258244
-3.4354415868033357
3.2416523797035977
8.279296028186554
9.627218397324926
8.417969423388032
9.278541494805069
7.634500468219781
10.338155723499757
11.499793014522247
7.6962077025559985
8.858817298279904
11.005444188606099
2.173434767592381
7.968475495172145
9.184037317154433
8.661113565405943
7.068917440175098
-81.86899682034077
10.366757033461926
8.506551409955508
6.116223432723239
11.71734650696034
8.756835716034306
10.065606650283382
10.496680911869579
8.687234296966356
8.309189513595747
1.0746202025946676
8.366306998363692
9.025789353554876
8.417477642465686
4.229554455439697
15.249367914304639
7.1443399282051985
11.73463469420139
8.105743947139638
8.562083269832117
10.399833368894214
8.98670909752641
8.102920404250806
-35.180190449677376
9.366221616377073
10.251292861529723
4.831836640298678
13.923565888618146
-12.470557444848192
8.607520862217596
12.782194769371543
11.082831124260467
11.359657150051584
9.632255658423308
11.913327389761172
9.163067471709338
10.980970194768634
11.038132996817186
13.044192142841338
11.499794158736842
7.445321805665901
7.971226232427206
9.23176893076472
11.773118173823345
15.199134643163942
9.7915825330907
-6.092867354277513
9.272389894243194
13.056623593229475
13.457865759026973
6.862763808960613
12.424452435780793
10.474396672136493
10.396239940880582
9.224850259078314
7.920119305284265
11.480437728867846
-13.132905526997058
7.575963426465906
7.481287037726607
13.208510076343437
11.296377413608344
8.67823388073627
9.215911751740629
-1.8107551615162834
8.745149313189142
11.143351577823697
8.785227135684385
-9.379904505994645
11.945392775644805
-2.432036353756375
12.174290415154355
10.916554107200776
8.291610851681769
-4.009291490662022
12.60252717510948
7.1824019130557755
7.718312085667901
9.60750471128214
6.811575936911421
7.958096126665468
-0.9368158033076779
6.358539436384575
11.011544033120199
7.726817201273244
10.245506642851295
8.590064327282784
8.909873365390235
3.619706456920176
-5.594547117313043
-7.301671509250441
9.523958984992824
7.309607385323066
5.3616810047648045
12.746369581887873
14.204678415546995
8.11138878129779
8.73018442867733
9.39392255790428
8.247750396546252
14.225006246028048
7.651171473411822
9.667993281382465
7.083050754143731
7.474062083474876
10.700962971761161
9.33321705614755
9.656859360881775
8.446435403806788
15.328824474307568
9.105375451450577
8.587915487049102
10.276724880336573
7.6503258352282355
7.033885098363998
10.67775056746828
3.494844752831337
8.16952273546987
11.869075187025182
10.440065018768546
8.065947033680194
11.063702043435072
8.950813839701887
9.36905078437281
9.761186992285253
9.16536570595421
10.98532097879861
13.775510073144947
8.227511072463848
7.860510295662835
1.7779597411212151
7.4755594268202685
8.364067207695285
9.523288896817917
10.812578837045265
12.027700751134446
-14.04930241461022
11.196788313409677
6.941192766816307
7.94919810108883
9.775983602455613
7.946905454793669
7.011104353224703
7.416698344735041
9.050944562589773
8.519921651234817
11.42292818840179
7.212143143621238
8.079862958252233
8.818326062084957
-37.95609089173103
-17.185864370108057
9.854209578860463
4.826134632271866
7.9319934712791085
8.578279755167214
11.626397935787189
11.983745793651632
-3.1658954554914085
9.750001930623554
11.98578031971573
10.352746307045255
7.329565358167338
8.322699332679404
8.329473481345635
9.553924406405034
7.448445959620345
9.350531730389141
8.669616996267736
7.50674191041617
11.241848041960786
11.484549231029035
11.72724392571666
0.7033948386357625
13.263323736926736
13.959865724857178
11.140643272344734
10.744559480276811
11.984589118537254
11.106148104864419
9.58505591935936
11.472388261212547
11.101928116902572
15.572947655941082
9.030983240054669
8.036175301872587
7.528365934858132
9.393214174303115
11.445681418478399
13.64842045902003
8.573194504306166
9.396301632000196
9.645669950429559
9.732800506641551
4.437279232543331
7.5279439318687285
8.410313376598777
7.646638157613438
-3.8953803594137213
11.145699298028806
8.030173619388323
8.794752162556478
7.0585008540091225
9.02495332609558
9.068565106243662
9.797034872160431
10.606095569776798
9.872245083825442
9.484738147761
9.277469060074992
8.070728654830678
7.496656504227946
14.50308710682815
6.178582112945462
11.699553320988873
7.943375861352984
8.992400971212914
10.129964748127698
15.949932664947228
7.986773232432822
9.18859269140388
7.897285798366115
7.679997265814509
7.381263811628965
12.472256829541735
8.993714108112925
11.19962655794653
7.890680924889651
7.2728925275371665
8.840935767533876
12.377265451877387
7.787124827126441
13.346100430094205
7.165671955798218
11.81606812172694
11.612510264798974
12.945589550036711
12.071844501680426
7.8476817220040935
9.926881669327717
9.429940857761144
11.52144523535685
12.647425312201833
-5.565052395602076
13.814239114414903
11.03128901965561
8.626484141241326
9.222017473115468
8.169410943636462
12.29767334671656
6.838091911644845
14.882409441088104
10.478744742193228
8.151720294027601
7.111120794326356
-2.6461926762173733
-8.801201191233606
7.305804539734277
9.803456128664495
10.248471895416785
8.880182688912878
5.493018079332796
10.339770324472385
11.362453832072836
-7.6701093068945525
7.583660862131265
9.040200282440079
8.925477536962006
5.539539794528597
9.999237238752093
7.448607321483227
7.281359303347007
9.327231918923378
10.5318511663212
7.666390006340626
7.131491548617423
9.475276841782708
6.158135746077707
8.855079864840878
10.59588128708442
9.036858959826924
1.5773529889592828
9.81785149470527
8.785299144999305
3.973157749465379
10.158608248886132
10.08272565225997
-5.7401371888566
11.462106395930107
5.630451920677344
-26.520990820782693
7.318565249158077
-11.740110358988275
9.194945812271227
9.540894290812808
8.789366705334523
10.122379697638705
-32.81072819186498
-22.406598076082112
4.272078564946546
-3.748365286704777
7.915374263770525
-3.4385693481699366
5.5011731974461435
7.5606824232459315
8.475902869833213
-67.8626968479591
3.527188603853374
16.003449972621187
13.132056349477894
10.726375289110713
7.256314553265898
7.706372167378344
15.43732677900599
-3.2945239757934575
-20.086081961925892
9.67427847587254
7.577716600722557
12.413106972514232
7.284126408939509
10.443537291921224
8.777199674964185
12.089707010139708
9.451207299000075
12.173823256880755
9.982044769037678
8.739183562543834
12.3908551038509
10.274746542956525
5.40422966263261
9.51265311300973
11.137570991138155
11.249217914919978
7.881543866086445
13.070475476799835
9.940702258482354
12.79957227046599
13.815101808337541
15.051890543434652
11.966259168202683
9.187041914401407
9.797819325496846
-38.13311711427463
10.107394207078261
12.479314670957226
12.171175421703404
8.7048870335737
8.017139494489054
9.709065512574607
6.266505077189439
8.05241845180523
12.78690999620628
9.154816799032268
9.058980512973132
3.373391034288386
15.02385026141426
11.556073137581091
7.530949542160112
-0.7484692180792223
10.399453029952799
10.304135446395744
8.586765363511986
9.570248863026526
10.525246087798877
-31.468417920644523
-62.441018952635076
9.45223503997456
9.441168810806193
8.60660529199438
7.467619309649647
10.20611466959358
-1.8527257134456265
7.834324266324362
-4.600630918001203
7.946279503615784
8.656690088622021
2.8058118981725726
8.901637982973014
-4.527588790555562
0.6771941177470358
7.467304710640344
8.344232643635934
-1.4482777998608376
