0.5635314169460354
-41.70672362141111
-1.2704993470128674
-60.99414280189681
8.117980971054168
-137.74896225726303
10.492686237509464
-83.48108486465823
-234.61223907578471
-45.37018017923175
-11.757103474926563
-44.22950381001826
-67.65442073149211
-63.719488383340575
-33.027600857573
-40.444070672209534
-24.44148362179241
8.954272470483506
0.7924693670074554
9.45149866609244
-63.48532790293222
9.184107822206999
-44.30356883178948
-167.72895394892632
-56.94685052767183
-197.27896755997656
8.458379501745888
-6.857171120745369
-4.278011795336848
0.3688595219359998
2.2145216685368223
-75.51478254199594
-150.65343629890845
-9.038819872619909
11.417232473826566
9.717614668634319
-14.425772869693494
-4.624837532519686
-253.82775160050144
-275.6798891590744
-289.43507087844006
-91.44579246810476
7.201619685043593
-13.75179381316104
-34.171078314819674
-10.007679106667878
-42.774934489609876
-10.919972186527195
9.350925206272395
-10.458786799018995
-4.049494440523549
7.6951342430166925
-23.525381663230533
-1.41433490351878
7.673622185940985
-17.312025884034696
-7.214066865426787
-95.00803304409469
-8.270984204562158
-92.48641312998129
10.501375596906723
-83.61947263731338
0.8845969568959191
8.77709549588007
5.380398831331278
4.577371807304093
-2.8010394524677396
9.0383137253661
10.12156241558709
-64.51508977182316
9.909725447556944
7.701983627215361
-101.16060579362895
-3.5102989259252304
-219.48096109968992
12.968749049524275
-21.23938044740325
-0.31698882560997066
-49.14906789939839
11.057756453925109
-4.177494513055502
-48.22721274834203
-24.062249654337457
-33.141340784426355
12.749008963562105
1.662874948079423
-13.81962581567472
-225.084686737573
-132.4673356970919
-12.947990950638193
-349.65122905904997
-75.7920050919473
-5.508264025485529
10.268278911060136
-69.50190453157498
8.115230709776634
14.758447123740515
-100.67295162773118
7.6335212904214735
-5.982860115779903
7.518634452290517
9.324751453417907
-107.76174844135878
-6.584753057182647
9.972627272932149
-0.5769276608567795
4.029131692607927
9.006831351717116
6.426925116747125
-2.0397078926705263
4.0366681385901675
5.811488277565079
-4.092700615983013
7.174352430550447
1.1991748206034005
4.660719483224308
-93.44131522918741
3.911670460383522
7.493820903539224
-113.16197799784845
-114.30020179796843
8.01825714299616
-13.955015813937923
-1.395336784479816
3.2130901429516676
11.323361764066043
10.9567585481507
-11.733594953212124
13.005461943632199
2.799152411972491
-6.38581579720039
7.781694320230866
4.045723918290164
7.341714456610655
9.110434135695659
9.545790327313938
9.254042170947898
-3.0221592184602795
7.09711909711163
7.644332612077871
7.32748615631963
10.425946753106725
-2.9047265784748726
9.35777167026012
-131.71098401126986
-2.6274688932717183
9.082137037382477
-2.6212040504195686
-23.55945418777891
8.6211485863907
8.909416128579515
8.290672685481097
8.725603584866274
13.652952295422395
10.456475306307322
10.910268859875066
-55.79691535909929
6.1618746708807235
10.069635687056063
7.172706176104945
14.481503116491549
7.433219896463182
9.431496512654824
10.056449113297889
-12.597552814069603
8.962673296613254
9.15630229715821
10.624999024725003
10.608594801871888
8.446163064717748
11.927562488357742
11.766073047381424
7.039861223241225
-10.136277149786348
2.0525426650688283
3.2035778385892986
9.551475758401878
9.65410712108637
12.102033507802968
9.71308848752021
8.257445859068527
8.710721866642643
-31.184476436207987
7.471593043284314
5.477486599740571
-21.576166890424638
-16.765247757361596
7.92022619131553
7.102968688810933
0.7275822365036486
9.628852879047177
0.019244075431841257
6.071210871603421
-72.36765938615339
7.152300222143641
-79.61702803783886
-14.213898932627465
10.103003833443276
4.958589140957491
7.50861605735572
12.003390535571508
-2.7830090964744567
12.276214288099272
12.887821403141128
-9.841563347040484
8.260617535492006
7.7099068385187
11.28472579388816
8.197937592135023
7.06588539947338
10.711923631380635
-101.82121761483438
7.3467463478773745
8.959091914325377
-7.740809705210173
7.762116943470668
7.058517550066224
3.976658221422192
7.493342620545343
10.289524902638497
9.378499394134753
-25.296629879205327
8.341862169096977
9.633147121539396
-104.96002751694121
9.642556333708376
7.427978325874863
14.838252623818114
-15.440461212222722
8.173224923004316
0.4211780583653919
10.789589376909404
-5.780285997464728
8.808721876910292
0.7275771938162006
8.21923262496482
7.200925875634286
1.2638700230209956
11.191860678682467
15.071171600859918
0.5457947905294747
7.629037978513284
-0.8752804873705013
1.629545872025725
10.352165127455615
11.277725565648051
-17.21566646819064
-21.689322328651897
-192.91860187645838
-225.6615884879492
-0.22426724508589402
-1.601438083335739
-3.541238784841929
9.357998685081736
7.296092441392693
-90.14200562793943
-42.08639771753435
-67.17115923983724
-94.0365299877577
-82.03326309170525
-10.284202312554463
-0.06545228513956836
-21.13350040694489
-31.25504957768052
-12.119855178271951
-6.8304201226851395
-0.0897794847553115
-20.73827309341073
-32.753696053204024
-154.25309818343214
-45.411805630131724
0.5564819784347003
-1.3441093821424754
-11.71224086897937
-36.96170002266312
9.141402802483505
-0.7961906732504032
-119.69920393089448
10.857011430669395
13.523823604840109
-80.31023014449497
7.716147409926681
-69.20274129617077
-27.563667646048742
12.375703309121675
-14.790501602168638
-21.085609099236017
-4.439833997628984
11.378398323518637
7.499635273983348
-9.180228379977924
-175.72295336815614
10.769771510898876
9.903403332766338
8.276152514379627
-115.56810258425458
-11.911327827505005
-18.209275158026053
-33.7776060417156
10.714788296283338
2.5560803138149275
-40.32239904653366
-34.03880946340873
-8.522912264238801
7.113402980415635
-24.115712193277762
-19.039809858845143
-12.86693780160575
-17.15294699271609
-18.844646897982546
-27.38713745272527
-14.720766417004384
-26.542845994439507
-29.31689981689206
-5.4702782662794
7.079870804702292
-44.96379347682768
-3.290330030202552
8.504126888937508
-2.16695207823458
-79.93733440157183
-104.64381568527111
-0.14105367460052176
-66.44437342927762
-3.843345275461896
-26.930289831453543
-1.91031179728155
9.548975436526959
-1.4940633594686632
8.019034297890778
-37.52433142488674
-1.5717426418022988
-0.385948663305431
2.564091099801858
7.145434302135554
7.702875549574381
7.446674124992905
-17.606202989627743
-205.21263178266193
-57.15108842022634
14.702197503206158
-178.23629730805368
10.964838089137086
10.265414863698346
-52.39768085550588
-51.24220744679001
7.113090286570044
-4.140956568656145
8.129524392691224
7.548214403945227
8.079362761645669
8.072243746602652
9.443249647283787
8.018871989306966
8.763445730352828
-11.955320873906178
6.6862395153749095
12.025643052188528
-1.0331755692608198
7.0900214262933385
-1.1700866053204464
11.888782115664235
2.011274228548149
7.373494742893961
8.037853277416051
9.00946352338572
-11.911742138506906
7.879845927506073
8.380753385400872
7.814060382119672
10.003078493247411
7.756042547408706
3.1237246811240897
-12.158028471163377
-1.1545461779199453
-25.667863093787044
9.271390083179849
12.370073700330364
-1.1504189450605784
8.875866252838058
9.341890102350282
8.483466175879526
-7.001041907895668
11.174659574870919
0.771723960547984
7.138935341708714
-15.91016969706747
10.117262336535962
8.767871946117825
10.467646312948755
-3.3037003074170066
-6.271525778112623
-2.1308498120699255
-12.319715098393647
-63.40158846127622
7.917369310597472
7.972831571498935
9.877674301092767
8.83783266174537
-2.89536890065851
9.07430298601048
-12.523062803458473
8.811031182202875
11.359323127024602
10.647701825399189
10.856283674903304
4.65136637698641
-44.051226788299985
-32.14251195776947
2.1509781329294646
8.97458566220387
10.452448170597172
-12.305839671823021
15.57944334257923
-2.6894355310760565
-11.64271175785843
7.341573517028449
9.07745660863484
0.37425623901750416
7.237249731175442
-21.0111102101925
9.993771433373961
14.631135346760189
7.673825967405771
-2.374291109290329
8.941711230608707
-1.2721195296067034
-0.5514295180638822
8.632565768054963
0.48734832041092857
7.688418966638886
-16.58217940963221
2.4964511603046295
-4.731636419943706
12.785502724854352
7.2456134995462715
10.45484649699615
-8.518602969072031
8.541838607501141
11.822953851130048
11.26804704325226
9.815177167522712
-4.899178635649262
11.545591793898321
-11.135051203727533
5.883401984657503
-20.4614145413944
0.22141688164350182
-169.78798454009834
-0.6324173519103815
7.223268529790049
7.946558616617453
8.691604615397651
2.390875873491869
-8.582431481723692
7.373198521581294
-9.536827203160124
7.266384761036953
12.277121741607864
9.097291493871744
8.003620635632453
9.438204947206474
-32.62716164612514
-5.330004815955645
0.8704776710400592
7.261484107776537
7.371554713193881
-3.149219760094584
-7.829519867296806
8.767380989316893
-7.0482414350276725
-0.036548799161845835
8.27488878945914
9.902824399656406
11.973516456325843
-3.3359626628420873
0.05152318767289943
-3.8841296023120524
1.660879967056355
-13.4082021090087
-1.666366236185822
-30.647845898763507
9.821212771655588
-221.0504970943595
-32.79169661679145
12.081704016870024
8.726741917522677
-188.77784517486023
10.253299800616855
-4.0609276406080825
8.392989508580566
7.197115175650186
-9.970837969668809
11.424938548219602
9.667801194248083
8.745926707303855
-4.301925819773754
8.93817441965832
8.542370205046762
10.287216723095423
10.848212564502857
4.951166500516552
-126.21224104498215
8.565503324731946
-7.846264902964206
-34.88306417179614
0.01072466141888384
7.2757142356347195
-3.4117812701756467
-8.951892809487092
8.850265277397593
-40.23922164610701
7.46741219863081
8.871492667788315
-3.064096306209778
8.38356747749736
9.616693631281947
-11.40087717116015
10.717897335446382
9.028038189309715
0.10458967533138352
1.853708489647064
10.927518650442448
10.32363561410357
-54.25321310981149
-0.6209684938641513
13.00896426740982
8.446154270297077
3.8381174491207966
7.651162974776467
7.167063904356076
-93.23956758880621
0.39325770669202575
10.40110221957151
8.03892814622136
-29.921462745520127
-0.6851430196334807
12.166909175768026
5.793389245428556
10.058554276590536
3.559797956427976
9.377542305476112
-4.131290337675136
-0.9487698278050334
7.50957796961308
9.543436304004604
-3.748196855481817
7.260172292518087
-0.1708486027471645
-0.7887309974726725
-24.700695961929807
-90.46398851363604
9.651093076222608
7.946552239828493
1.984578044280048
1.2117984420730523
8.221594503546292
-236.77689934569358
7.140731498523964
-26.81468938792659
-367.78018349087984
10.002588900232755
-0.6730629735517357
10.148699728971426
13.423590161207473
13.917257417814808
7.255649091260612
-76.78865016754034
10.81933618782961
9.645379317966672
-12.253873050670345
-1.8009281762435014
9.446943433670242
-6.033952576502463
9.523872297544328
7.830495268480369
12.079183288207965
10.12355528505903
10.6094269759339
-70.94675445529603
2.686833966242129
0.5524510993139464
12.160190150923507
10.251991264027605
-6.199185224295379
-3.259542454838229
-3.6079167061686146
-7.72485380022963
0.3816825223389603
7.862743123942392
-17.045892108838384
7.133780153002629
-80.18855491275562
-0.6878777363111166
-172.13762941705855
-318.60573486331185
10.28122060044846
10.029683013546908
7.423837901874324
-92.02233228980208
8.334952137619211
7.168672307111506
-1.0936107719119248
-172.38584433099422
-169.89712276628683
0.018995880333032567
-327.4109682959312
-355.95910717257243
-228.83603885086805
-51.9664869850751
11.544862056001113
8.427660963991332
7.8157526182230725
-6.549999716703661
8.04672187944488
12.34460833123287
-1.100255417974474
-60.50709074788243
8.741707061429615
13.677402462842329
11.969883387410253
-71.12711837458808
11.796708360119073
-133.0672143698543
-43.058488113472336
-373.757464269671
9.52246718830209
-7.2875836740427795
9.90065610704396
-111.11860558477024
9.117926823909176
-8.61105776967667
4.697894703692094
8.452622204656048
-15.634787158572497
-125.86556890977565
9.515151163974515
-347.4987588339006
5.1482892410858705
-14.303500033452266
11.201870807677318
-1.036891304689332
8.761887549921909
7.976903780985496
-3.7426611566174612
9.095865419759274
0.9559110592336562
8.58366062422276
11.448539598214591
8.642563004782243
5.224308739939431
9.33550716551385
-25.927235946448288
8.62107792907862
-191.59943722053757
13.527831689213865
-11.176386223865094
11.048019790175871
9.361997209141265
-2.3222127298198427
13.12142629141917
-130.1933844428556
-35.085964644257615
2.407779595398545
10.580141689837127
11.077786632343802
8.106341596214397
-6.6950756267445595
9.250902042173292
-26.032988258990926
8.079397929649565
8.459191102220375
11.948432797400844
-85.48762066138325
-140.42139039027305
-20.62954845244084
1.8798441830281303
-5.036204064971341
-46.45838770389879
1.9366390179934707
12.37275008670603
-26.80471658496255
-28.615014254601775
12.995173337547412
-18.06411664094291
12.275027326630035
-39.19183404589915
-44.38560940547059
-21.93966389362314
8.365974313428925
7.089188531088722
8.30328967370388
12.837554432612515
-9.576939593889296
8.367723377125397
7.839327927534763
0.9095199708856261
9.600801886226087
10.311123262173776
-9.479540166264753
-0.7362906973311896
7.630809553756622
12.92423265821592
8.35038384261265
-1.6909027608417089
-21.41591227432019
10.2215264047415
7.281262426760927
-0.9904417334796349
11.330993054130335
10.169882494732938
7.216089494564518
9.914045534911498
-8.41036109336848
7.170739172302758
-1.227591526528836
7.83639641708411
13.867783452053189
12.227217841571528
-8.245353526640475
-15.272358932263046
10.628993264217794
-39.85495195329684
10.677688272818555
8.644027879989753
14.185902668401546
10.046650829671169
14.727862128340348
-18.06252280581221
10.958190188466506
10.4840126686136
8.29224908758812
9.454018228941859
-6.947868805697253
-4.409308588057689
-18.910371098280898
-6.526107753810258
6.828497800170047
7.113696092506716
5.064338987784084
7.383835662432142
7.954173560363767
7.770454136256953
15.520990321085014
-11.382259985376106
8.892367103828374
-8.914332219453263
-87.87564383765736
9.880192826251523
1.0553171047617806
3.4382643071008996
4.685555088294539
-31.32016098400664
12.796386366691529
-1.1270848158885753
10.222118846369618
-6.219894272604101
2.6254685639670523
13.460678290157432
7.369407033883865
7.811822278647622
-19.48656911686664
-81.77951770734221
-191.3138617982425
-1.2159199683218895
7.152415200120795
-0.048780515717201656
8.95679594313715
-13.19744908704193
7.367043991467122
15.984011673426906
-1.9213955252529864
-257.2399252417545
-68.82058406501851
-8.60639757435001
-17.273943614618737
-74.31177046618359
13.154027289880375
-258.64260477960914
14.615563809168068
12.768000416365247
-2.9346390540068006
8.929158514490913
9.698841964308379
-9.019916394412006
7.384276710177822
-359.8127792211073
-0.9049983240179327
13.210623611198152
7.099364952034758
13.11181392566833
-1.7544722514814461
10.854840739946
-13.922110874980572
8.115313417368156
9.801978801481269
5.107650206645697
9.525471733790585
9.089272303420199
11.332907684494248
