-4.001335753030142
0.34522805828539416
-0.04640274225926988
0.1426185918006273
0.2948156719266115
0.15977319461479467
0.29747474030578913
-0.2298749746447114
-0.3873928181962174
0.37007035716622383
0.2003815325191035
-0.062147331891262314
-0.3265526890691888
-0.4180486114190394
-0.49680558825456234
-0.4998975055589263
0.35562198335979645
0.20587840118164857
0.23261614282303023
0.39439216997411974
0.31066430661110767
0.18130928370465038
-0.5566295874242209
0.24061880002413272
0.42302581111667514
-0.1668216598290997
0.24958186525136128
-0.017750168701571534
0.29613830116085216
0.22759030255583146
-0.03353320272845406
-2.0351018729116297
-2.6790578663743183
-16.505064415234727
-13.454778798133596
-15.973664897809574
-9.879658363090893
-18.183982511941654
-52.62999164815926
-59.91900035054877
1.614840700749785
18.0196150527409
16.825551848682586
-67.70900199943316
-11.183304147479355
-89.43309263765151
-99.26623616567105
2.923118538723739
0.3186750980532864
-17.19500100212491
-3.6657324172234564
-7.7669671967818
-3.108308175622979
-9.828736100401077
-0.6231424473991212
10.550340053877337
-4.347211128697168
-26.81964864601903
-7.627744198999835
11.118210291150708
-47.4065198923266
12.702210277399914
15.39488246552541
10.928703283343928
12.906819216579937
11.447415948754966
13.925749496196236
11.1987511044493
15.66060749625667
19.029230820409058
14.554945288536468
13.21681790146046
-103.4619791907869
19.1715935510898
15.18389455674615
11.512572954974903
16.72500852944195
17.725569365947386
-8.095192035888317
-3.1075324213494264
-1.6112431000809675
1.915740363265599
-41.955967273155224
17.512207086434458
-78.7783052650971
10.254459861502518
10.052774902007954
-3.1697647086789518
-36.009589800204886
12.569918626431276
10.471141679482898
11.046926000854501
12.1838689745131
11.052364748237322
18.203106516892376
1.491776116328664
10.788402466819718
12.090450389416045
10.20224261621611
-11.309960591158745
15.238290825868788
-12.55813915695912
-48.784600549849074
16.80935636989424
9.841641697410271
10.810335001470868
12.832320965512702
23.573713781720883
14.809462486691622
-6.704457553500685
12.991888766263429
14.129235845113431
3.7441764683499725
-12.24875136447275
-5.636783082944621
8.958348128285358
13.923330708706251
-86.12490235568659
10.72620285419291
10.288403420864384
-0.09029955992254557
15.476908260288647
6.0364050026483
14.374136879341934
13.811072754389276
11.378353557733565
8.68090388305609
16.236376376422033
11.340494176086448
13.101395622513001
11.843672196697703
11.11551938479042
13.63121201685718
13.25760550121521
-20.329709095315554
14.925333584308937
19.894284291598826
9.343433430433317
13.753530715361686
11.586898615208236
12.370638895337166
14.824115595791891
16.11605885585847
15.99604367203905
14.68717211882889
12.953784156910995
10.498952438003602
11.670247916390824
14.104835100533384
11.694641361904862
-18.16797618064898
15.861785701440205
11.938354460381877
11.353472078274077
16.187393582923967
15.552738182870087
14.3247608753932
19.98176961333372
9.994112037699702
10.479141704953173
-80.16117651863266
9.600206781183294
13.277960706111333
13.445698724316717
-0.799184378057654
-20.58742612923692
17.999187777704
14.736005922824601
9.08675406315204
-0.603455798862317
-26.748265320083014
14.106744211362805
17.02319655265117
11.717437988573916
15.773785469212688
15.433183602365295
16.599609492637217
13.132556051488638
-3.949867055824031
15.344073287759098
11.820772684341508
12.328570200826725
20.70919615204196
18.69761696014796
14.82580255055343
13.565191338390084
14.789545475920185
9.913580629768937
18.590899384497902
13.520577217982353
18.12904215583413
14.7707908200448
14.817115627423046
11.36561127630062
15.861493089116706
15.659003459764403
15.024387448504932
16.044852123580636
11.05756165638499
13.713978292535764
13.91652749781889
17.43702158386933
14.030306556947117
10.365065823359982
11.045367882360132
17.309107189055773
16.03805936202927
12.068336115822484
13.974281881589459
13.455323611941706
20.522678534359997
20.61239370326394
17.540583069432387
17.53549138040548
12.347453562345672
17.81161064799615
12.064410933629325
13.175974702909867
12.96414012528017
12.383406505307462
20.523105240043563
12.500988928834367
15.90562011856683
16.489857549010623
11.25721184769683
-32.69058673080721
13.004397933653848
12.206075112218102
10.922781630936438
13.926191713644078
15.358255497362348
15.164854603331012
18.904582232314798
-6.87440041539644
17.688407600353077
16.317545849339076
15.307549706961218
11.630789965305402
24.07759251395167
15.984165782525142
12.705248596305102
19.065315019704002
11.07577119478939
13.014925637923167
12.186357777549194
13.727001600472622
15.725556289405102
-2.7335942142808727
5.258733272747628
17.3383076217249
-5.568075762633736
14.405310053939225
-0.30070231439374495
14.9436604947906
9.156365598386792
14.139943577495258
7.719500238596383
14.303209823946146
16.50925893481554
13.135369243006366
11.377849249435723
11.99387691805031
22.22948187429165
18.8589394991927
12.435801700246618
18.6344636901797
19.110269358914664
10.197608546052878
13.314209787408018
14.487868297820715
15.068766198700873
13.94235812128587
11.80470985552369
10.105357664521737
16.681671491498548
15.192694602432768
12.443179503879499
13.062506787517332
14.194785677087793
10.757385068190324
10.233002031758987
13.075037137863397
12.39814066973175
-8.065831199249098
9.4536595310774
12.725900805564331
12.048360737165794
11.493326946077275
10.742120500886834
12.891746780300775
13.15164605115866
13.169205332436002
10.157284791869719
11.26784169177942
11.455932285135596
12.168385923689726
15.674640831076992
14.461812364589111
11.506130703587804
13.99072557232505
16.318077177265813
-2.32471981002481
17.277837187235768
16.193719805905044
11.366151198884609
11.517514369598207
14.367696607698687
12.102444239286264
13.129382851113377
16.88195980425591
10.951828272362892
10.034203967952475
11.183145733491518
11.525900978437711
2.377380214075649
13.22200005963928
11.876308214561147
12.970052992588636
13.291995887921532
10.191557923082469
11.567806105523772
12.270659380681572
9.98182405523307
13.286059859136877
13.616129015874165
10.500454781215966
10.765390342592744
14.0905485347554
9.350643217843267
10.368658286091474
10.71099931154846
11.846618226048633
17.51748176515121
-2.349128283711048
20.798781626206065
18.167012648439517
14.08407394590412
15.105760043037353
23.892754642464425
16.239648490761688
10.184613986738883
-65.4364991152677
18.31235736947442
-87.3128111300069
15.865036701277313
-98.94888545027565
11.715883634508106
10.427357704088633
10.678610980120634
7.483199351393681
8.297805062459332
14.93421571967847
11.405211971905963
10.84369730922992
18.430973855678104
16.403904228117263
11.434058835770132
16.380433338558415
11.728549988461264
17.035925407865296
-102.960762605834
-110.52632523116287
-82.53065888611793
13.056223701523503
15.57750417754894
-98.87577148086804
10.759578108954575
12.38424178064901
11.239492357178865
16.427264207340624
16.636523048338695
10.410645732911647
13.242951526390856
10.858914787984538
13.863826675437295
11.291148317382193
12.143976822787163
9.964996950664311
12.416494798722862
15.439571299909126
10.515355732736998
16.21159774380923
10.636969028139246
8.997242399775768
10.733064122030827
16.526911099156415
12.33081166240932
10.321829720667
10.110970828774663
13.656857158962525
17.93905021309083
16.66312460956578
19.503958161072504
6.114062962731047
19.59511530935037
14.498445944528743
8.888464641191728
18.238699719456115
11.631993854483795
10.565011353256303
10.470034974942905
15.764049401689212
14.55598233800694
14.314030010493479
12.156891797356238
11.081286187011145
16.78375276171731
12.027781115939923
13.08581536171241
12.855506421830878
15.758709165071709
15.65024931049818
10.804259683501476
11.460174389445633
18.72567545560133
11.513296767995351
12.701978604311634
-102.43781401642823
-37.91581717627398
13.66186900231515
11.042554498879733
14.455049075445114
17.328796194529158
16.17350053728321
10.581087227495498
11.396966902680415
10.562599610553123
9.93908616264593
13.148724199366757
10.82060647430972
-61.1267338414442
11.942865010141109
13.421835170043522
11.327901787724564
18.813046481296894
-15.04670773341251
-99.5217215942272
12.978208556674247
16.751872672900834
-92.40603416249495
12.823049259647664
12.370261825884986
18.991225140782866
13.276502499705156
14.813236698249622
15.71248505822999
12.3056563970446
10.005559701688933
12.05488429493803
15.350261900862282
14.397814608789558
10.188186612078207
11.956509412905778
11.496573087711218
14.192436847325794
10.19303628969983
11.208908047337484
16.4295991766478
13.118505126447179
13.015956120628765
17.366008842432272
15.457487464341643
16.40213032641138
14.0025837961172
12.714053655233604
17.276545266330405
20.609045785906222
11.458081299925379
-0.4606919733912962
11.637421080771833
15.601796125921123
17.18495207402838
13.118200322364642
11.070037505576057
18.905707580106814
12.7008496562052
17.754472714103827
15.735423384043987
13.865915309392777
16.622329545450583
20.170437247047943
7.383695183299051
12.369693339684869
-4.537915061477631
13.471031694022741
10.385617873892219
10.288799107638459
13.712620516172061
20.88907391763172
14.21130476406487
13.450494601588495
16.208473816592168
10.162518569315996
14.446449913971202
11.914260414942195
12.732057220469262
10.569167056481417
15.346864430111564
15.652196875345394
13.895815229437298
15.006039417321249
12.488469070242875
16.808341590384188
10.534748426892676
15.146268794055405
11.360608730588561
10.293261233142353
8.984797465689944
13.404764555592092
15.635828694511035
12.121382963362345
13.351732127805136
13.83204961470993
16.964859760814342
20.794181214982245
9.742188898074765
11.110906470990969
11.505021702253908
10.730882847395412
16.379031048039366
10.588056813170581
11.621957651605
17.950547548682316
12.45187622813473
-19.54499859993265
11.232923003261963
17.620262174527735
12.808253774028541
14.537580307484433
16.006403164820924
13.658441940452054
14.086102470649406
16.794077076078963
15.004267860758022
11.379311535352945
10.31958971383856
14.114435297058598
18.96412727529848
16.03418064320453
-31.821549838050387
10.429171007305975
12.861331040623337
13.728610552280465
12.890563475643933
11.020044276763645
15.912490867293181
10.667416292544225
11.722849482688162
15.891519482600884
10.176444777917457
11.744062432368104
11.9717053723252
8.02577715550559
10.8729580192586
15.282916810075802
13.153916557660168
12.830719932435857
15.70627816058543
14.481196206425198
11.119916024090253
17.760737917665665
-9.534386028790971
11.89971203407839
16.42846391978592
8.667881401332508
12.357800515732905
20.05464500688722
10.454165721541607
-59.35418512939152
11.585174206427283
10.60985098976532
12.187896210170058
17.53472641612568
11.724633230143297
13.275823924250334
8.078092269926014
17.692378530324973
17.704179041919573
12.5257901134933
16.87066355580769
12.054254556555978
20.97787604136885
19.059095533112334
9.584057440287493
18.175660671195917
8.802806432790389
4.431022061208623
7.771797610458272
20.834350050950594
7.975650227636856
15.235413902273102
6.983769159825955
4.441131387221073
18.705587047925555
8.417239028043475
10.27996905927495
18.035822094850438
14.345440580062068
7.831743873279525
11.591349826705581
17.153780884521964
14.762807316020218
13.854379604416609
15.821783755381297
13.152649955827922
11.125957427413573
12.257161294894228
12.980586444109866
10.215300124154519
11.290911828462455
16.485385770453707
-3.65880461088743
12.885077597001057
18.969312087526717
13.522250681242632
11.862229542237644
11.329628403541808
18.638126866876433
16.391121743250018
13.152604107406063
12.654340946194942
10.292749112821422
3.3133307966717798
15.083581817355519
12.815961972190792
14.008799461310883
11.959178821401157
11.48343766450741
-11.525773398597302
17.97671960065691
13.346895114392904
14.456584699063425
15.704004642239006
19.592372886083762
20.345784556118087
13.934448940583712
15.416103474493683
13.28751830523261
15.798754634752303
12.845308312517172
21.03277180559315
10.602181186071167
19.206672150175294
12.781072871225653
10.871795659678815
14.054911692126659
19.610614285252815
13.03170831885821
3.6435339266735385
11.220766901577417
13.589624990068192
17.415326448014227
15.590299263452586
10.99608709386586
12.364510595915329
16.774779291244453
14.008236977498889
17.527557924028848
12.092816156052525
16.514305477039542
19.682935123136453
17.048296989827538
17.796893699171942
12.634651044304992
12.619097047203724
12.152961389188032
11.832120008739523
18.587313575077875
1.1372836901627363
14.087332406642693
13.645063419963932
10.201502801960764
-86.14615545271508
12.084884916604596
10.208797633378708
10.034622355021739
16.686437248393382
10.757266831336105
15.514019445060976
12.503079475223036
14.822012479110118
20.278135832421185
10.607923983451728
7.957620007569717
12.605453536102953
11.843467368177548
11.927415547512549
13.034101189642431
10.652893339808118
10.064031896617355
14.888211648624097
18.13170095568844
11.486976311349693
21.427761767556113
11.112854777950933
15.085520304769734
12.76595451376156
18.02764341019183
12.963012742656824
16.784946536994877
18.47846265521815
16.212746912698325
14.390930236906435
11.14131087512014
11.076837265666688
18.412094333428257
15.63398774496868
11.44305834918492
17.282975846401033
12.342420405126532
17.093444586438757
12.819764561631162
12.256418884840045
17.707072601610953
11.829459085471557
12.383446122334071
12.485956151057572
12.889334579264975
14.806894455989186
13.980815217244743
16.8440973032412
8.933916145782707
10.18067586103324
10.108169597840618
15.717165714235296
12.6744480161478
14.09566694063966
10.000072621392889
12.68685061269537
16.27736509750919
9.902879374687837
17.81403022302673
13.413202459852995
16.766470085852635
12.047990884518182
16.421797317195622
11.224774885006143
10.273886887119929
16.711869014745705
18.263497529091822
14.30618839155565
13.569939851630131
18.489830635717716
13.124165561090447
10.383547269623115
10.762735303273015
13.131570977396454
12.095842381333938
13.915201017097633
13.137011046291292
14.320964475788099
14.774232098120088
14.199828080881279
10.816353471429416
14.665066530244445
15.194453174045416
12.430694558377724
12.761108360308022
18.91366599523322
20.11077744675815
10.419496469075987
21.725050522063064
15.253179900922246
12.919529488501361
10.852318814567125
10.062487612435962
12.353624968805825
9.04766714649094
13.175819891438675
12.141580205191232
11.51802354025457
10.405094462719807
13.109410552761238
11.199880668018906
19.50787167084649
13.092671510560494
12.553414840562654
13.564569040577712
11.75073459640377
15.242354577042356
12.713495873273146
10.30667908063132
15.676345347991871
12.915758918552774
10.977889145364525
18.833416823082217
11.6462442223601
13.1901617351905
14.235261141632895
12.987342292477832
19.578295785618884
14.273608169834265
11.276987274293187
10.303000312118932
15.227268389265543
11.237119379923193
16.674478064732142
16.329343884659735
11.020600134567154
12.385559469636501
