-105.29862680631734
11.088190156148261
-109.16861369719084
-102.56557352308765
-94.78373157011441
-95.60633894940895
-84.48305040601058
-91.06578425226722
-104.26124042747682
-99.33544211666694
-91.96974435480956
-99.40309278352098
-107.73743970989196
-103.00333747709958
-97.22834955921584
-96.82215070099137
-80.91408720136545
-106.00607105186353
-95.44374523757611
-88.2461181409709
-85.38249035301595
-83.3234687625604
-87.7237026237859
-100.9157998518543
-93.2137871935381
-104.26101672813574
-84.66841735968848
-108.09146302029916
-96.6761628585168
-105.05915071810503
-108.65438926273083
-100.78683004212222
10.33804734805801
-96.67749812784092
-109.62634089286973
-104.87862906062774
-106.53477373747326
-104.86130092206594
-109.08783582852308
-108.72192396849867
-94.05713672422412
20.020264225566486
-112.89522743349082
-90.28947572061223
-111.22228898560363
-107.15974137858252
-107.54977257472095
-96.01762553287831
-100.91190740591439
-98.46500713051307
-108.45413745290436
-98.13678755665035
-90.65260349266663
-99.85133725655773
-94.63128860451518
-109.6633997014747
-91.1613085738498
11.15709646399696
-95.68053740894413
-109.39460563235734
-111.15805414405897
-112.5510595744488
-91.55925474529674
-105.05406171085812
-101.54089390512888
-108.89753398847861
-106.22018584992496
-110.2868897655527
-104.59471828598043
-106.52933637918035
-108.42167191658946
-91.83339397467827
-101.85945200172998
-89.9096524495881
-98.69482906137753
-87.06815551517576
-104.35418123610049
-112.49166168269112
-101.34992852321776
-97.82768637049561
10.277573978865323
-97.73850813743282
-106.9302736846511
12.368128788531013
-100.80119880759841
-105.80608337326142
-96.1114363714665
-104.00289884628621
-87.07750525222693
-110.52644642823111
-108.10190033673751
-106.55077913715725
-99.90583006114714
-108.69177343433468
-106.1105138866263
-108.56577379290539
-99.23219356256006
-111.17743412320237
-87.63425186222733
12.724342330158368
-112.09546309413338
-109.30125974694965
-104.03490096367297
15.281034472084464
-92.56865128819939
16.60031108315946
-105.6015310856953
-103.23116443648249
-105.89720714108964
-111.49363374635118
-86.37082428608102
-108.03375937172054
-84.0405557836665
10.420282699880794
-102.74346030136242
-100.15372080884069
-107.07340000241732
-106.20981421448042
-83.39703689450127
-108.98523478548353
-102.53064166631142
-102.03103110165324
-94.92955424980977
-104.72810386893248
-97.82020616354848
-99.55431653527344
-104.71408643921805
-100.69218332364349
-106.46231071754647
-99.96432297239481
-104.74732107377952
-92.2487054925508
-107.5382652626163
-108.3450365229865
-107.62426634534256
-87.64933836887208
-108.5684580914024
-109.55379184280173
-94.87982027306046
15.149010624044047
-96.34942594364921
-97.82455444675948
-93.71570056766153
-112.14196546557619
-107.21049225400105
-102.83913900087497
12.13785466714359
-108.64579185928655
-78.4772056815663
-102.26785058113818
-90.1069939595169
-108.54267868320822
-105.02384102521438
-102.89406190256447
-99.04213515421326
-109.21000420328272
-88.00731477611693
-105.26341295878876
-111.39953352381141
-103.61067119979144
-94.96578810609607
-98.24970065308479
-93.96193150887838
-109.00835147513588
-104.16555112802673
-88.48900653156754
-105.60990054012032
-103.72475139087769
-101.66974230368302
-86.00198730968444
-101.66402390096438
-98.41339942123291
-92.37059925437826
-100.9359984402569
16.310032285545873
-97.53555420090645
-96.53081207680069
-111.05928502932872
-106.79126809814454
-90.1464276901173
15.614509958692615
-105.27468223978288
-98.0464273975848
-101.65191854991139
-99.75809886485497
-98.43456329470621
19.389688735227644
11.000500962436202
-103.0005666579986
-109.11990994006536
12.47447084836788
-108.97649759381201
-91.75848509122474
-108.66845524432306
-101.02567888718634
-99.70136426179312
-98.38443346853708
-91.4481935668964
-101.31457377688717
-103.104062776575
-109.05536684627269
-90.13779405381686
-85.44467101471986
-105.21715759086095
-94.74653642556753
-102.47189099955202
-108.82373464177961
-95.93228427257802
-94.49540378464812
-106.90024830974045
-108.91294002291347
-101.25387751536937
-107.8080010272944
-91.51098127245773
-107.98707399382776
12.521945522569833
-97.63415727361607
-93.11946349042988
-107.54543912966155
-99.16708533956374
-102.22822947818536
-102.0267494715178
-101.77633860470053
-100.199118100532
-108.51214554410933
-108.64874412656312
-94.28553920505172
-107.96958984714026
-91.34634807027462
-103.17153912642091
-96.35561749341348
-100.06618888734651
16.26058636914781
-104.44235064061522
-94.46531348522484
-108.45948837621835
-97.64809787809585
10.46011721717658
11.792723768720288
-104.20413315095323
-100.04616947413594
-87.36529728186723
-99.82479092137238
-95.89112396234367
-103.81180700208968
-111.88016372843768
-95.88940592329196
-89.06901951169662
-90.42363901509216
-97.02757002444086
-105.45500181274313
-108.01530859671854
-99.83601024114773
-109.73550097114308
12.396866674573992
-112.0154739279177
-85.23818997782352
-102.29870045106225
-106.21768445882634
-108.03595724777514
-101.31133906825791
-109.0505584505405
-106.33381016020593
-96.785622107977
-109.39621202899428
-91.26242450391399
-95.34215818061209
13.43199953067634
-94.94598921454376
-108.75029319896198
-86.94220502032731
-110.84427271866042
-97.52865492406141
-103.71764723863927
-106.27625531063033
-105.74971435621549
-113.27846003733815
-107.8980082159708
-105.11002241032028
-108.3546950896068
-109.59006876967885
-106.0293167188783
-102.85765232457422
-85.28879557650475
-106.39036774621843
-100.70127374212953
-86.0418266279367
-93.94414188941198
-93.59318760495341
-108.4058596177308
-104.27894080381246
-100.57016089985478
-102.66297317585563
-104.36994859960569
-107.00211359219023
-105.4383364519757
-97.40600166211668
-104.74957407279871
-99.51824906552194
-105.02603509213387
-95.0097849178681
-99.30773323670769
14.2760597146175
12.074934528416797
13.49763615522526
-91.82291878388317
-90.5754640041458
-96.170251763679
-97.53903216145999
-94.4224287256564
-109.41347216425187
-95.16308194521302
-104.07634197643415
-103.7517332612643
-106.48666822281596
-112.72473860520967
-106.06843176478648
-99.67004048135242
-110.06525757982128
-97.8706728822562
-91.0920693810766
-105.94610184548753
-100.45680575373653
-103.54868344682222
-99.44062523040128
-107.14707265794111
-100.0078726665383
-89.22563005320619
-92.40002618452061
-111.44289010509488
-110.72571779273365
-91.54276808313725
-98.85332182029357
-111.12616894427222
-108.06543646372933
-103.66997923575316
-98.89951728632602
-99.2383647927691
-103.79096222183081
12.934689273190672
-91.57791966796931
-107.6086008402627
-109.26311929404737
-96.7962167556594
-106.058966183842
-106.02368983310166
-111.25814308206552
-99.90449212832608
-105.25679528166282
-101.92634081463427
-106.99798455905014
-100.38271275900351
-100.96855707888338
-95.97714312080166
-100.32978385229612
10.919240571869892
-71.92106582506665
-106.61518018038535
-106.7551266091331
-110.22118168085397
-90.40378733663817
-94.38309351179743
-94.87869142832513
-87.56270155973996
-88.19153721137269
-81.98681632956438
-106.22347598795149
-96.15338601556594
-86.27201786689456
10.002167427959915
-102.57972085570002
-107.37258701766369
-98.09035741454481
-82.6910257772198
-97.93018508802115
-103.18186157304768
-83.33409452726522
-100.60686935178079
10.080164312096995
-101.17039194993755
-109.3715328715758
-91.01043082749561
-85.20691909083533
-108.53711003509567
-99.50626395842116
10.2458999423326
-103.35684467775027
-109.82716071336435
-95.72087095618308
-97.00458564872237
-105.47580363618549
-92.99303289676399
-95.19141173652976
-104.93258371246083
-105.03644957659552
-108.60368336417835
-103.07794507512642
-100.45235964989364
-103.47428893051786
-96.54580185034209
-83.41048416108431
-93.27987420400324
-108.44432417953627
-107.58285751760494
-99.86519442735434
-116.97550083206275
-99.79650572205566
-97.26046962129048
-98.04198156849557
-109.49658523170534
-95.01741795147922
-105.16243673704925
-110.86534517378328
-104.13483043286827
-83.30779610813134
-78.98439572018624
-109.24583295858464
-85.17849833170244
-99.64158843985491
-101.21484208099182
-110.66257894090668
-89.97611755702088
-105.19703326810762
-88.97624101287457
-106.23757570246856
-93.44846815664387
-107.28768246563534
-99.72837011704915
-98.38336827553795
-106.45213710095355
-107.18187068962169
-89.2319522620771
-107.64505638731308
-84.18703832546122
-108.34068129006737
10.514324027344145
-100.93726553523996
-102.17235250189012
-99.43717232604176
-90.1879224078296
-108.93746856376103
-93.59156171617036
-98.94131709726447
-88.03287185732057
-108.21542317031614
-106.48161499789805
-105.17396505235787
-103.69685462757701
-100.08578626409874
-107.59357626914455
-107.21199401784247
-105.19685753044674
-96.87275855680424
-89.58979475012026
-108.34552237567276
-100.69597174622221
-88.77167153926723
-104.47529263025257
-89.03177813782635
-108.07682738242274
-105.6818620160583
-107.94566516994267
-106.37691418173733
-102.9979281983607
-104.95085216227197
-102.51384782545964
-72.16052902228631
-107.56633990194908
-107.94161992068773
-110.22104045487323
-108.83712147807414
-105.63195702062312
-109.21061057348635
-96.97367921809459
-104.23246207041493
11.512612268148256
19.39257716518526
-105.44521653110372
-99.52663544159965
-108.2998226284385
-97.74648388925257
-108.86253944265499
-99.03157933811465
-93.0199615931383
-93.44754604135713
-104.12997661086202
-107.54777051767016
-104.78074363028266
-100.59485913732445
-94.27939624066875
-103.6082291439763
-107.0517012630978
-108.38135838554876
-94.8851413234963
-109.45827956859453
-93.41992398993771
-97.37725773023847
-93.24964313085641
-102.55063347779628
-90.83847659591721
-88.83157756652108
-95.15702826257466
-100.18222008932537
10.356788893667233
-90.26832944193238
-86.42251456912943
-111.48527961046423
-102.44690421069983
-102.91075135770004
-91.61324260525899
-109.18732986654251
11.130074711435054
-97.30977415724428
-104.77891851440882
-92.49220612445144
-98.94092687852546
-99.48997336877824
-103.70465079891228
-105.3936817924538
-90.20696237961118
-106.79387506129893
-110.2256869985963
-95.07798076691579
-99.22129481849583
-107.58677540324229
-100.8096599937445
-103.33952255453224
10.018274913282465
-107.28997296183192
-98.45520264979913
-104.10478278446769
-102.60694587838904
-88.76627569949096
-102.03424724644907
-108.40593454674557
-101.86699012808886
-108.29201407623027
-104.08948006225387
-107.79124359604168
-91.28147822556724
-95.95942575905443
-97.63144292899278
-84.30360914155926
-107.75806983141496
-99.13447655291552
-104.49069771147715
-101.40319995339003
11.658478507958286
-96.10951588445377
-107.39600692918934
-96.73783503429263
-108.25987184138731
-106.04803466604218
-103.54889706516703
-84.72526594308158
12.427829456199305
-103.35090614943888
-109.49449032374
-105.10647402314976
-102.99479103615712
-100.08960654091376
-87.47269333553373
-93.07045893826347
-104.15666006040885
-113.89551202642242
-100.79775071360342
-102.20498285404673
-102.8834528476228
-103.620790585796
-104.73776171281767
-98.68087612315162
-102.37082699833432
-95.87394110687424
-84.3194044232169
-106.913664072828
-91.95523726781862
16.763463903166016
-98.95118304758171
-106.13798991882945
-91.22639993956967
-94.09847182616735
-81.64669382942596
-108.78608034189234
-102.04925016710834
-109.94848132961886
-103.3071318629205
-100.3081492923714
13.774643743962358
-96.05545293496655
-107.2105369539354
-94.8607696107834
-107.5923248176693
-83.82453396923745
-101.89452041134356
-92.55467769582404
-93.99003435268064
-107.95720324069032
-106.11421570100431
13.335251113692156
-82.87285214548223
-101.33926871317159
-96.4304177948552
-102.69108833639243
-98.75972503242662
-107.09410259488293
-109.18880434090093
-99.94042787621147
-109.30410674655185
-107.79757047786177
-106.03826411226231
-103.66880690560117
-89.37934126331498
13.232279538083791
14.407342925474534
10.77510018244427
-87.74790660341111
-94.65124359168358
-92.02363039206345
-104.92656457126478
-83.15828391909508
-109.24692317951255
-111.10282617286819
11.739616533230606
-98.78379183740496
-97.62227473455886
-113.08059509271962
-108.8440595639587
-89.3565817524703
12.100599720229162
-91.74626287536454
-109.50623097174909
-97.1338264152602
-108.6624530891692
-86.25055641974566
-106.28218349728692
-85.03295365292465
-97.1119171122634
-93.46484621159854
-93.7013507002019
17.679669179522293
-93.04119889411578
-109.2853124672186
-107.44603518870602
-105.3475888277208
-113.12611105148815
14.785983864025038
-108.25639328969721
-101.95402652117097
-83.90061384980828
13.054658800967292
-94.80033092579579
-95.13671460946681
-101.88415221310854
-107.17817525302719
-96.94917824982586
-109.86235825267185
-107.13072920264847
-105.0897630729803
10.2012179052887
-100.15880411907602
-108.33361961796939
-112.98291624360559
-102.90044947170836
-104.84141574351067
-79.83480865235369
-108.21472333088025
-95.33590487548206
-79.87806357868914
-98.20929864559119
-101.29630712581994
-94.5126531496231
-109.08973251565814
-97.84310743092153
-99.85152651744194
-108.2585992704674
-103.04667753200901
12.204050199749041
-93.79938182415057
-93.89972568253539
-103.30853161869642
-104.20854578780839
-107.29131165268944
13.82650903383529
-103.31464963100498
11.213122940873108
-103.28318194395843
-108.84534169742498
-110.20694477794268
-105.03643140450777
-105.33773798664245
-100.81822027783001
-103.74380296824675
-107.84305153670519
-80.79065460806757
-87.97166422220782
-86.38915664788396
-107.41749070609362
-105.96222374996177
-106.59878330499542
-105.55180522913517
-104.84609579990311
-109.42848057218127
-89.00741319019161
-98.51553870845257
-100.35388052420782
-94.70383850446795
-108.85643443880608
-79.25554514722728
-105.44394636905193
-88.47359484171218
-98.31817011213509
-103.13639746290679
-98.46969444519982
-93.05009719779996
-107.87509163539673
-101.98526570046268
-107.5965596373433
-78.725216900502
-102.7477740386712
-105.52057529411219
-102.17348466886739
-82.17680082857186
-88.2345819266535
-108.6555554667965
-106.0505902524757
12.1024747658116
12.587540335803642
-96.03284701324273
12.687046750174119
-108.08859577385303
-93.50941304292441
-84.28055097119514
-103.73650940661987
-104.43104642626366
-107.3438798478077
-109.19119716994828
16.49262453891821
-104.73459662831775
-108.83457353274243
-105.2014720310609
-94.4220950952547
-71.85903281636604
-107.20621815223024
-105.10026945747862
-93.27413725470966
-109.24244333236582
-108.97469577787145
-96.3043035534356
-90.60631129738141
-101.76686806337824
-108.78082602671017
-114.80463698889153
-107.60877638055035
-93.26803335564408
-102.9803421443271
-105.64865776949166
-111.50808350901042
-94.03936567220978
-105.93281542753198
-105.44657777932164
-105.21249578887024
-105.71092960014262
-107.40260035641965
-81.83650063067316
-96.8214629467953
-101.88245903918433
-112.52430999886838
-105.5714783730823
-85.0196099602822
-94.88832727703725
-97.10222017835302
-105.21159850132736
-88.17679999358869
-104.33133212935812
-96.67344867112584
-99.74346298668587
-96.74571439262064
-105.23495149127038
-105.865548991973
-84.98933675322438
-105.31981356113292
-86.31778919887928
-103.10179136716853
-99.48302281177932
-112.28516343956446
-99.30808531716721
-94.01108081675343
-93.17154289173561
10.25924474279623
-101.65709402076291
-110.02468305568456
-105.63114071794458
-89.53885193577781
-110.17147325526167
-94.95102871370408
-103.77964406158351
-83.97634746807788
-93.82704078629295
-97.38600951584384
10.10427948946206
