-9.020386487789251
-0.07746536702545193
-0.0118644389007172
0.011174417371833334
-0.058291877552503424
-0.007248597419969194
-0.002873905907956109
-0.01520512144788222
-0.07226693500348369
0.0547607542749744
-0.000785533804785743
0.06943825572639017
-0.08257326362268735
-0.02584297072269337
-0.07336851492773921
-0.02469761388489533
0.04432075712305261
-0.016934210253157334
0.05282218203351041
0.061974738235116344
-0.06324576895221612
-0.09673731370476324
0.04562182590054897
-0.00807146743685383
0.04238089503073872
-0.056776705371946234
-0.05654572007803771
0.008807022341212223
-0.008276490092962163
0.039517094945097364
-0.010185877571778468
-0.04078029827668761
0.005019895423381993
-0.07811030632249949
-0.04352860287267113
-0.05674463943201724
0.04082329077430802
0.03571662515676821
-0.020286882081366198
0.046688665269062124
-0.019144730274068822
-0.015370091084436321
0.021308550081968747
0.028048253016780267
-0.025942201794395103
-0.016907854245706844
0.0408621573582586
0.029097287761343793
0.0034960023469254864
-0.029461021702191004
0.06233453292978375
0.013696294765843775
-0.03223798019483892
-0.04300906712729424
-0.0416865289903563
-0.04207556533582135
-0.034630446704072115
-0.009309981737147921
0.015654377234850747
0.010508368398728374
0.0155773335213778
0.029400126980494212
-0.07105456175251945
-0.05406496981238296
-0.0393867485794539
-0.004961738903872637
-0.044890546481724636
0.043147152424141355
0.04144154980474957
-0.04770578105674894
0.03188196659054232
-0.03240957877086603
0.034352283038755926
-0.01648927990531379
0.010980831813298897
0.05133450362118963
0.01693266826107198
-0.07019326458140895
-0.015560670009393096
-0.006461233227984309
-0.020358807658110045
-0.028850322114444937
0.03768641790421101
-0.043828927396242445
-0.02050333898290746
-0.0493187236051249
-0.010819180680861962
-0.049729842296489135
-0.05586437245366205
-0.04906243389110698
-0.010847360025991626
0.08576187213122277
-0.02075027554979858
-0.04846527325839678
-0.02754197917341772
0.004481306155417419
-0.03546184051626988
-0.028075468370734713
-0.04564344605493442
0.01050072555772319
-0.004757689653679176
0.0017660143593427602
-0.03973338816976302
-0.016599852069891785
-0.033882951689663265
0.04114233585098748
-0.023103203759415436
-0.008130481772336884
0.0183544602230018
-0.0038225472105173353
-0.029660171034345373
-0.06289523781330342
-0.05772816810513759
0.0454864668232724
0.06785364377907999
-0.025382125294936442
-0.0029222832739281834
0.05269780852573347
0.049644794289908756
-0.023644227725513334
0.0010838133901960312
0.05413263139112279
-0.017122269515103206
0.0074477976657975065
0.030886078581259024
0.02661140555497965
0.048448721340645484
0.0655100469676948
-0.06387123043299514
-5.0335445297644554e-05
0.02498613252344195
-0.021901201233889278
-0.017928563967810618
0.03597321031646117
0.04556482415773533
0.03259066882888406
0.02287969270291912
0.05902145127836045
-0.03336554984466611
-0.002412278644077004
0.04038920264223611
-0.06129845026358005
-0.00038222337929738615
-0.04601265221691042
-0.004925949799192031
-0.036500456323987684
-0.05460802427460676
0.02483266556079644
-0.05604091975490255
0.03079504577533121
-0.023285749786259524
0.027451414053753398
0.028864107847454745
0.028144764733533778
0.04745044580638558
-0.00393573243384826
0.058486146516873116
0.0146990933168607
0.02433105057808249
0.009877551041161725
-0.01586433881789584
-0.0074413961622337155
-0.05091526342832697
-0.06730937316394381
-0.009981655758741992
0.0560076208885012
0.008057554069752504
-0.04259424278766977
0.05288867309384093
0.030856358790421368
-0.044343695744754275
-0.07539936101960909
0.004675561739723388
0.0645391575806753
-0.04892711532547356
0.003499102131212961
-0.04455190437439471
0.008304922380111046
0.032776279161352395
-0.021479639268711104
0.034672614771942945
-0.07153642153826878
-0.033234938509850265
0.05073104072736068
0.019007186274657695
0.020361570443112376
0.00025741705824500194
0.0041636084662850514
-0.0542665298273215
0.028502241590046218
-0.0029919282546113646
0.028503748477306523
-0.026017643285831893
0.009223932452898875
-0.018905231477986506
0.035015690908676955
0.03000526437401374
0.08817287527596784
-0.014304619704807564
0.044046520789597365
-0.043291213508485304
-0.05698659228760161
0.045814844829513035
-0.02188026279125621
-0.03777126879282844
0.0012512205840242707
0.062410816990831064
-0.04960649415673135
-0.03574118120213665
0.021027050825781046
0.0010686548985312516
0.05667372962685224
-0.005346316361251269
-0.04583601145791505
-0.05156799283825397
-0.002003603171485846
0.03536456632837315
0.029836945493587397
-0.030375657511473975
0.048884484546526386
-0.030170735766108958
0.026223475847262034
0.05381046148238755
0.023621996284315383
0.031873135262896035
-0.03692036102053442
0.03526288782885412
-0.024538196306654658
-0.0670295525089517
0.05550144264695733
-0.03072711962335739
0.005648982459416585
-0.08360158853225608
0.003965544607420268
0.006872179497924402
0.049411855166878293
-0.016861532900078524
0.0003740846474027393
-0.046766127696378446
-0.0595075437120981
-0.04862373614536075
0.051337363654956336
-0.0900116413226355
0.006459986427934661
-0.03852616094416761
-0.05661707174793795
-0.0514164558050596
0.012956715134769148
0.048542154862358355
-0.050090809702682204
0.024962527069505303
0.0545081182902436
-0.09881620789927514
-0.009895729076714321
-0.018906274383306387
-0.0005825482837701346
0.011460758538565985
0.05779102567137673
-0.008065072089764369
0.045353047279247605
-0.08293775673102877
-0.03484856133959313
-0.041001500803308555
-0.005504346999558041
-0.03618607166111176
0.07079013583775495
-0.03066276236983745
-0.03169221050158599
-0.015430136179322762
5.4439898000246956e-05
0.06752477871437634
0.04922087271526099
0.03912697431286505
0.011890308892732016
0.045174174790245214
0.06580869412719426
0.01066451556965231
-0.06522063232082997
0.06560676988254344
0.030613725967803873
0.024153087673737916
-0.07279034545886864
-0.036566108874839465
-0.0334744893382235
-0.017713906084038777
-0.03500028456272675
-0.012264443922194723
0.004022416823209252
-0.012972044072542266
-0.0034614659046297014
-0.039016943198148746
-0.0038539142637654678
-0.015360227824909867
-0.055840942557344064
-0.04273972925496894
-0.017025139593925376
0.017370503068244947
-0.016867245511571927
0.03854045932894279
-0.01844582091188851
0.03325679265556891
0.04677302285923157
-0.037607935922733926
0.025886737409121174
0.0463692885421938
-0.04028154353317204
-0.04159275565499865
0.03707214655038915
-0.015619895324402888
0.044143788947033746
-0.0034260386770461615
0.018603960084230042
-0.00792630039007669
0.020397102088904773
0.028677545237996815
0.007917078477142736
-0.021478055604593593
-0.03235009755823248
-0.05380336733285751
-0.043797888041247734
-0.008850339391509587
0.03074990964840707
0.0025602083125357833
0.025145574120301717
-0.011338791115319324
-0.04713633958602892
-0.007817226413164402
0.039624098917063755
0.033424032373188584
0.01235514395254822
0.04886018305420836
0.02446001024097666
0.02946403802008546
-0.09066324850724694
-0.02072956038597884
0.03322461418439904
0.005970998071856748
0.02988297860289424
-0.03847882649243162
0.0017386908081222785
0.007947198293682511
0.012365296798699132
-0.03553048821424365
-0.022776301863275616
0.0032806043265717344
0.050353876673308484
-0.011104500521292748
0.0036596147882019814
0.01867483108810819
0.05863847915433262
0.030931303166937152
-0.013055666499310892
0.0038492823094193884
-0.027347082658474853
-0.03321998497788203
0.0458331255409381
-0.03179027583353233
-0.04382368410122062
0.022945365521315653
0.037504417723068006
-0.039047524017919444
-0.07603031709519348
-0.019480903269443628
0.04331571012617497
-0.03741041764304409
-0.0003901495111300335
0.05391939544764224
0.0667044677437727
0.03350325125888087
0.01559763943035919
-0.057672365820132576
-0.05387792139727843
-0.05760497097040773
-0.008968361366364141
0.03321268773819597
0.012502737683419918
-0.019122863463988504
0.038880405512730976
-0.07080883371585944
-0.03478787795409177
-0.002178802803486146
0.04423265436711321
0.05899046381478068
-0.024823417595970843
0.04755687984869905
0.0349716992632505
0.023201362317070817
-0.0061923789586868505
0.011690996047475255
0.06382105324741805
-0.08239615338686201
0.04305601977508
0.015190074321323355
-0.003041522909261518
-0.023494409913193737
0.005197311192876919
0.022244143556823026
0.021981467635348695
-0.005940487621976964
-0.04650190753059191
0.009754426722854426
-0.0454902106407542
-0.05729908866950728
0.00677210904706449
-0.05673246216844907
0.017610552687620906
-0.021651954289865438
-0.06644003090301265
0.038862860172403924
-0.0030633359816021333
0.07415935236446758
0.07048504586888704
0.0022774717203816186
-0.009193032504279941
-0.00795877455135785
-0.01787715801340206
0.04289451578020942
0.02164713189305001
-0.046857662839514536
0.013843570259327254
-0.047279950656263114
-0.026703665088516182
0.00018674512334637683
0.029828955021945935
-0.0290055125437223
-0.06460888763363559
0.047885770307180664
0.047707311650003525
0.04258905935085644
-0.0431165009189447
-0.0854334629602247
0.019814553625154607
-0.04169856356102519
0.04825865408531316
0.031186844032383476
-0.050425296525786534
-0.011411284554580181
0.01417166581083329
-0.015054772657841609
0.041657935825298864
-0.07554237071130343
-0.05398632456146357
0.0033991900582872603
-0.054341528474738165
0.03174285832927315
-0.012214087884514835
0.04024428775741118
-0.05523610093451192
0.04512465595166126
-0.0024739614506641416
0.033516911551421336
0.050285854654616324
-0.05521500921129863
0.03406613126529345
-0.05207360521244553
0.0022812749590561676
0.047195411596478665
0.015321179236350235
0.05855656366205819
0.028201303498374575
0.044746768060393904
-0.005436045937856404
0.02609062637180659
-0.07394704700226296
-0.06420455613652365
0.0060148922079673595
-0.020826526967794967
-0.016176337772114024
-0.05043202010285319
-0.024793872956913043
0.0056110998119471844
0.032423774847652354
0.010584323710571386
0.053119738458999644
0.03653367780057404
-0.06154141539186786
0.021987412375173543
0.02027876074800128
-0.04467088493434179
0.035385725558594316
0.04918562267891091
-0.01629794762655723
0.025741436721120836
-0.03277262924826163
0.012724026838241809
-0.031091119265337586
0.024593914429660302
0.06230027262372384
-0.08112364664191984
-0.0318114527298905
0.01128988869023484
-0.023781840100285168
0.01970707078528733
0.04802824305257236
-0.06077248798271373
-0.04246793042780761
0.04168455650300107
-0.015709513492822347
0.07837468913418344
-0.03310375388177578
0.04687569484783838
-0.04986806107288255
-0.06013591456702172
-0.05432150155406035
-0.02261489002179129
-0.04970853457052837
-0.038356090199739956
-0.06371342832391047
0.05496696709893589
-0.04815626507964321
-0.023188055278707598
-0.040873751816119075
0.009182005897538037
0.032880565470921996
-0.000697250050240017
0.0339835656735874
0.020791282092953223
-0.02521038593620273
-0.028690359570396673
0.06006542941343662
0.053528467734700325
-0.026551689055699934
0.04959961758499554
-0.02670231073818563
0.009405505948417714
0.056130245244182086
-0.008860503584968926
-0.0623850106876771
-0.06074142275526784
-0.04571556853898051
-0.02164253065844779
-0.038771315471445966
-0.04771901092108366
0.025044204261743364
-0.035071047802460065
-0.022978150013360787
0.0006730529951268771
0.0072803998924637625
0.007212316480374015
0.024422732316568663
-0.026543595400284614
0.038444197154178905
-0.027045339163911164
0.07542453318892028
0.04878860809648766
-0.05014374493302043
-0.060358093153963566
0.06399178822073859
0.03554380041992977
-0.03508502030489735
0.02085216863759931
-0.03485041794295496
-0.02828135099568896
0.011089517567208773
-0.019535956291124146
0.06100326216034513
0.013389588048420942
0.0841474523463297
0.03094457681984797
-0.03964443344317581
0.04702106779130166
-0.06220508814714343
0.03686912285834221
-0.030068167420080227
0.008057039322556747
-0.0023861972016230304
0.028244645304452476
0.02394598679157811
-0.05008417698754464
0.009566900917087562
0.011013854668740608
0.02030826517391149
0.002344764973325142
0.015027164746566068
0.0292205372919756
0.022576912395981807
-0.01955707187511435
-0.05875786067428246
0.03894540653289247
-0.011921431634739577
0.03788148110010847
-0.010353350874839906
0.04363017012093007
-0.00020564519467047848
0.04284494157393959
-0.025186699403561663
-0.02941633878081862
0.05562128180575465
0.056464591240566575
-0.010366591850660578
-0.014114909054955493
0.010543898896039572
0.02792914475051811
-0.05479875090218189
-0.07429892821745554
0.021098680640829093
-0.011753866022552684
-0.03988941072975427
-0.040907044808934145
0.08151981313136858
0.015043315957619652
-0.034173759034651585
0.02814648397715891
-0.020243968563088188
0.07920982670511034
-0.0051073935745857835
0.04091601177828874
-0.05237185308164949
-0.047238429404259596
0.02694656427576969
0.02062976998443944
-0.041380860861706115
-0.054086714810248626
0.0596557708580725
-0.003326134384074253
-0.004929146417748997
-0.08191897238948442
-0.00773771924744282
0.02514904480109781
0.034719097954028166
-0.0005560158986692709
-0.023928944635187355
-0.021208223469769028
-0.041922673872548
0.046393583486389556
0.000843678727255659
0.029126846531357886
-0.03551178597531812
0.03069915254691935
-0.06532493091345093
0.07685734238062758
-0.06997584192290263
0.03548840680440524
0.07339986678199573
0.042701291081294834
-0.05213464545680946
0.027479954094671077
0.02098039985861333
-0.03891431887160468
-0.051394615675638855
-0.013394773825844197
-0.07226815479931226
-0.04721761326630647
0.049420092007504746
-0.019888783863472037
0.06462208755964083
-0.0045277681388569135
-0.031513800017983984
0.027819807981708466
-0.05822607767666477
0.018675527858741048
-0.007483312240162077
-0.003530836445761576
-0.035804232640546774
-0.0688301572420219
-0.03792787338693837
-0.031780073749474
0.02622842800303915
0.009624052969617436
-0.04960811512942054
-0.03770493570216882
0.05076768094634332
-0.037608244310437744
-0.04807187667458801
0.01612769740447284
-0.044087738957818035
-0.04699196746854062
-0.053467087166006344
-0.032093202527375464
-0.0005468122977969614
-0.0014544788198096459
-0.0291720725951663
0.07304644899545099
-0.02524943037590499
0.011737436006380886
0.02493057515423658
0.04944801265731957
-0.030186228249406533
-0.02540559252463792
0.022088911172078562
0.011774102402024367
0.0021817258880675316
-0.014829061442004243
-0.0336201139439809
-0.047830976079291765
-0.07780709741608649
-0.04822446832131799
0.04602131042654034
-0.004950247876869707
-0.04343215752757679
-0.05914529605684882
-0.06392859239799153
-0.01881408886954916
0.017590969586171346
0.036926424502683575
-0.025098938723908004
-0.022452836405201015
-0.014170008215734997
0.03717368789187292
-0.03424714737245127
0.004159087382426652
0.006662909561754082
-0.03932298982615956
0.04509243820488562
0.021403291045654305
-0.03383685516881352
-0.02554765886204846
0.04650287920845053
-0.061830820856738744
0.03179776130352341
-0.056833067045883756
0.02673100233590775
0.04511720775361128
-0.022394219213695
0.005543208232106744
-0.015743020465562196
0.09976814873871231
0.04432495580868978
0.005585123407555459
0.05066157253536674
-0.022586273158526016
-0.03293802784477817
-0.05060863951585004
0.00045563001055781704
0.03087039630349464
0.060677245756357134
0.02611948429523725
0.020020262167040004
-0.02564930763141604
-0.04647077996353666
-0.01876237551921278
0.02520474834697728
0.03818457866770686
-0.01678774704213426
0.061505414576309425
0.015422261313977836
-0.01985037320585903
-0.003134034980697198
0.06812560240949761
-0.07406456510015325
-0.01275763262805607
0.04590307387537518
0.048646234064993576
-0.034334284924058545
0.02681308534494864
-0.03363429810822027
-0.002157218037701192
-0.005440877372780428
-0.03481589979607236
-0.015595621423801775
0.05711165797876838
-0.009959500031079371
0.0187479801216196
0.0791737087478449
0.03442688385881487
-0.06724370472495256
-0.013579332904720687
0.029892934431376195
0.04334641024773611
0.011700105183179765
-0.03303514584760303
-0.03626350008624457
-0.012140925872946795
0.01887398093565662
0.022232325348523263
0.028640661238533704
0.05357949810544871
-0.022098871999427616
-0.03477153973515146
0.013475809382491821
0.031203921848119043
0.03936826513003566
-0.0007334038070738735
0.06306516507217808
0.08313650571509545
-0.032749293618075326
-0.0689152175363259
-0.032008229242308284
-0.00931861448061877
-0.022631689479874595
0.020125895936366378
0.0712218153563311
0.04332665818263126
0.02343764176356311
0.015154387290214455
0.011563973364912439
-0.05208170500819209
0.014965992575781462
-0.07113935695549789
-0.06441467193153116
0.005836925719643782
-0.044649334076047875
0.016026075868962986
0.03809225270931993
-0.030261357607799688
-0.05501680986100399
-0.050773410595034596
-0.010505768235233193
0.0506842461930721
0.029992555419341205
