-16.62790723432608
-14.350890901909294
-19.169969867297905
-14.014945486713781
-14.871503675759545
-14.83438183999573
-14.947462640038028
-18.41836612798248
-14.074369344340987
-14.132576642665772
-17.574202437691365
-19.354353439267133
-14.620791751656693
-14.972837436118615
-14.36280735776948
-18.956906962212585
-19.3256866528814
-14.136860620206265
-3.1879632856968083
-20.12638786231075
-20.82504730536777
-14.567484336347276
-14.481307886942501
-14.746938692160777
-11.048925048588067
-21.336800805982264
-14.273977117884188
-15.62799844939063
-14.613252502711907
-19.797404512952536
-12.997091966273898
-80.27972638769883
-20.153387851546782
-13.646199381830291
-13.475576196224097
-13.648298149912696
-14.865567292455825
-29.202323240990076
-20.752630111255414
-13.815369359322458
-14.673226313425749
-14.755484541948729
-34.76757611877068
-13.560086464144533
-15.01515593481379
-14.939894650659026
-16.41160093486422
-18.62968429977449
-14.841762267160036
-13.06944888092283
-24.143438065646706
-13.05108015117971
-14.881311400974829
-14.833718674303721
-17.107486581669356
-18.783269472027712
-13.041654826337599
-16.21371199938978
-14.836918392229709
-21.201094668044302
-13.029591615555844
-14.879075467372608
-14.724674682737927
-5.047270041629453
-22.99038164143797
-14.92766628435852
-18.622192757458286
-14.389848013657566
-15.16096423379861
2.1687757120864686
-17.34908731208067
-14.979664966514623
-13.09795457404279
-18.717723154210248
-13.71655354934175
-12.387214130774781
-20.88126264201567
-11.183400512788843
-14.501890123534592
2.3784400424672807
-13.143618149575056
-14.923249728338657
-11.983726126838942
1.994760943585112
-12.66184436918943
-20.579735395341586
-14.914637238802925
-14.043482630090995
-14.811881805380068
-14.683461076115286
-14.71485745592984
-20.16659399940297
-20.114456674497617
-14.415937342327815
-16.413406332742028
-14.46978697909753
-17.75926891978296
-19.011063018302863
-13.947960809084318
-14.112753520606748
-12.353554799493919
-24.41410501363395
-13.427239905993966
-20.90067772171526
-14.250907824050405
-14.963834319932156
-18.21473167090225
-13.181303315293997
-19.797432711466588
-19.148280701115127
-13.515944884099948
-16.759978411571304
-13.545030774584196
-14.824770972880165
-17.591687893975838
-11.935030139879823
-11.185622451574067
-19.947368009215964
-14.911489362353118
-13.815623381429836
-20.012055839681665
-13.158007620653278
-82.42358434571089
-13.848804118203105
-13.651384497177595
-22.262872980285284
-18.0621617344148
-15.621102536078542
-3.231647623886878
-13.356243187274698
-19.12563388417923
-13.652487743246846
-17.136946164408478
-14.91180356093751
-13.940905413883844
-14.42217619300902
-14.126316288878208
-14.651322350107886
-4.243188939511329
-14.938400346170493
-14.769664572634907
-24.088773217789843
-20.497414778836564
-20.383967137360198
-14.999235989653537
-15.216790320201211
-21.3842615788149
-14.771870764191148
-14.632639942074853
-15.661257614083759
-19.31251608994531
-20.103000907321363
-18.55823802180516
-14.909648299599526
-12.271100572014111
-21.165140172253714
-14.752866896846573
-15.600554984712376
-19.382054687157954
-14.412513447614266
-12.753205475716372
-14.643391767025717
-13.178635507345483
-19.06001017059677
-13.684402575433111
-13.404262236096592
-20.95647875237234
-12.561838958687213
-18.328233517345385
-15.002825458450367
-14.816291973421308
2.3307378387079014
-18.48828901596908
-12.62022368869482
1.9636441631571233
-17.89071226464938
-18.368354680580623
-14.91559549860969
-14.717882487134988
1.951484470680961
-14.586701906832065
-14.768562807956647
-24.263653316030712
-22.881177445480507
-13.514320642372398
-18.546879536501223
-13.353206092787834
-20.207681494009027
-13.317181742844358
-14.900778318261175
-14.301292338627965
-18.573847552052875
-12.977890098296406
-20.64552953351725
-21.540107175257134
-12.608421869693853
-19.7324390964052
-17.361197281688064
-12.157981207448143
-14.543376543359882
-12.69596050415616
-13.923771221264632
-12.794263135961005
-14.539210619604225
1.4631104519820948
-14.691715110731536
-14.669297870338871
-15.24201796496352
-12.013330871675386
-12.886473976716417
-13.064933479241212
-14.98049595971192
-15.055865224150711
-14.163164171941341
-13.945072835949293
-18.796784091209418
-15.08243027964441
-14.862968942379425
-12.867791807296099
-23.127328126040283
-13.30954208004577
1.6992682595457218
-13.319268159795373
-18.817835437814992
-17.699892896249008
-17.51404771345637
-13.128726728997352
-11.872818163113429
-11.003428914569792
-14.69619109741405
-24.595897337097153
1.8133474490929617
-14.966238565278816
-14.54023974047505
-14.998983160871502
-12.214034793416532
-12.294372008256452
-19.01232117438584
-13.687685008984625
1.7312817839864956
-19.45437203298235
-17.854144960138758
-14.467049246400935
-17.15650368834735
-14.175777465789862
-13.461299803788455
-14.457361942310477
-11.324759077389198
-14.903474383783859
-14.189456807121129
-17.84311384983305
-13.761813623214216
-29.081975620326304
1.7277053817942716
-12.797916591742565
1.4294546907554235
-20.363323576726888
-14.363452195563196
-20.09932932636885
-18.425511579429262
-13.193395062842951
-20.171489415042103
-14.406024388840835
2.091524671029009
-19.57709234854436
-12.588274477202875
-15.29338397734022
-12.561128745756944
-20.0879897237883
-12.928894312303667
-18.790757682986257
-17.61603370434718
-13.961034213054614
-14.710315281644887
-19.10126473987883
1.4294670435528676
-15.303733512348922
-18.032776840554092
-15.480209987242711
-23.221213354768302
-19.6105746090207
-12.24477906933862
-20.15478776406787
-13.916004956644588
-14.828516542843094
-47.977779717590906
-10.285180734902351
2.6999771464793505
-13.740098095178627
-19.154001937880537
-14.048801699094247
-13.94272128573904
1.7139592842244586
-3.6061148612610134
1.9603642919473043
-13.472031782528155
-13.068142543341265
-15.051245946860012
-12.195391724213353
0.5898744569864759
-21.858456920817872
-18.240894114922746
-14.992707176898307
-13.11726420853105
-13.140470849223288
-17.31080537681821
-17.811988107778234
-17.41036384551834
-14.081501638151757
-14.95472531777788
1.752050895755786
-14.235259692132187
-14.342026340094238
-20.700042544081644
-12.827139000664408
-14.940765668392157
-13.70389889497055
-14.827877486178275
-13.984360790131007
-13.538933579350823
-14.895350402280684
-14.738295810890298
-12.943486838361911
-14.952310392062401
-14.655593628295586
-17.576875216004822
-12.294601283523152
-3.1077229317322166
-14.384191978005724
-24.990658139710014
-11.50166718755364
-11.507806394912576
-19.93467420156596
-12.627421079087608
-19.70348594337853
-20.97830874704539
-13.250899023781399
-13.549951333672501
1.667677804169287
-12.570342023631644
-13.58106099750652
-12.503833217328664
-27.116616508363606
-18.24193693116275
-19.201090535876645
-12.633765165022565
-13.430264166645934
-18.9278121186894
-13.863265790579153
1.846654088799635
-13.585513541098171
-14.696272597785972
2.1212627740528314
-11.111851173827723
-13.959720587488196
-15.223946155512195
-14.945452070273872
-14.73088342009595
-13.966784082113602
-15.539630018982201
-14.942905976966562
-14.665126920962695
-15.340298658741482
1.8242741287927215
-20.719904553955207
-14.450056164787117
-15.261234095746833
-17.818455508779834
-14.74773125114397
-13.435427371322078
-13.1379977961479
-14.584711690103967
-13.019024118191886
-18.28133678008767
-13.527968197329109
-14.719705810398795
-14.39647241810136
-14.181249596021438
1.730689466545157
-20.713223993103504
-13.692320951048908
-14.822252183953024
-18.646991673183805
-50.39969556434346
-13.4866667966751
-12.488499380646436
-24.006367524977968
-17.95642384495224
-24.235889025653925
-13.64899233068992
-21.6980146936296
1.471265632975957
-16.758094258641343
-25.403395466025714
-14.346732831689156
-13.826915078674219
-14.390376487842259
-24.641218681794825
-14.681451118067331
-26.120635088957158
-15.039779965226023
-14.755078841248416
-17.179028348301138
-14.872957555707371
-14.936118802325822
-19.388598442499678
-15.196125745463181
-13.359094908577985
-22.67004757813866
-18.182812024121077
-12.522554206730446
-14.831108261654778
-17.840689836576566
-13.902652861306661
-14.847011212208097
-13.299960413077793
-22.02154069739916
-21.928945464149834
-19.91098579766284
-25.74038311710133
-19.07387115195835
-13.858010633351334
-14.946341654412624
-20.334192716172687
-18.390710532867587
-14.801308830882446
-14.84365489663273
-14.422061934784852
-41.29728860304398
-14.298501768001149
-13.510740000699492
-13.301983586739642
-19.07536494103067
-17.36786035481512
-14.60857951306853
-15.171222076794393
-14.52057374720642
-13.126094083331532
-18.639023925612634
-20.006464370066134
-14.907600333829839
-23.758369449456314
-13.79113100790443
-20.034315339692768
-14.441607028748747
-14.842966550767724
-13.378988853390949
-14.912480567561785
-14.66653090540937
-14.709386592690766
-13.543637246542975
-13.659989711706428
-32.46149539830068
-14.897362889962348
-19.325547736624685
-18.17427037264499
-14.311023517311483
-24.138686829914455
-17.57553930253289
-11.85191933525327
-12.937463622492933
-14.029226610653465
-14.887451708040896
-38.26673298623228
-21.628625057588742
-20.65393909909006
-14.503172351945269
-14.201819973568396
-18.018040086284017
-17.22004629207758
-14.825732829813338
-13.940617418035506
-14.186033727888356
-18.52477989468952
-15.001207124515956
-18.95701812722416
-4.122186799744478
-19.354623630627927
-14.263807490021629
-13.232829993491926
-11.848850120691978
-14.922506585016842
-14.915062419975822
-14.145753042835626
-17.496555321647413
-28.899654564687403
-20.271155701973683
-12.83097900287869
-14.96797119330178
-11.014484138680508
-14.835619100122152
-14.110211865241695
-18.19826948743063
-24.055204036987213
-20.757966425359754
-19.73478219093672
-13.079619069427274
-12.866807954308847
-13.327467057379978
-13.328314438696792
-21.401474133102433
-15.403879597649219
-14.2866308414381
-18.316058416685266
-14.367214750278814
-13.623156893539962
-16.37372718523727
-14.899422149804872
-14.813610063871463
-18.730081213717046
-14.190900086999573
-14.429642908761366
-13.802215854127029
-19.01113905313873
-19.20972580974751
-15.02080295811604
-15.004200807644747
-17.782813354749763
-13.61407759972391
-16.56137696270055
-25.908485118499513
-15.258597391707582
-12.322186897637526
-19.77994680817418
-24.783544274484385
1.4871452010716761
-14.863722758581691
-14.906720859827624
-13.922876825789142
-18.92162613051257
-16.84622128649663
-11.88953190839777
1.6789685732637551
-14.569752649320026
-18.584032940360135
-18.4689298707953
-17.901851018613712
-19.144810472431846
-15.596934500343085
-14.70332690910124
-14.445538245986482
-24.026987572553853
-13.201252784799555
-19.830553510565597
-14.312746223253331
-16.016850908581937
-20.212046763227924
-14.829372527085315
-12.92870025113175
-14.66097790298222
-14.714606391639501
-12.335280557447856
-16.596715009318494
-21.711349357965094
-14.485684152399477
-20.44288992623975
-17.72230545068424
-12.523634487864179
-14.963434977498194
-14.866548039294312
-14.437829510203072
-18.114428126710607
-14.955130783265142
-14.580202727601726
-14.349544315698989
-19.179415096453994
-22.397398819140342
-21.45572189947532
1.82351849286063
-14.1540743811593
-24.092378404636086
-13.62572850370294
-11.838031793019125
-59.81056213113455
-17.672165315587502
-14.825555456006763
-19.733474187611773
-14.136589301218365
-12.681152175316175
-13.206654972959576
-14.965325769936525
-14.62569709850607
-13.173288228535352
-13.392136323539377
-13.625458516296408
-17.337702752504136
-18.91819750797963
-25.445556248150062
-12.676224391058025
-11.987564712179843
-20.46562784176775
-13.61209964282477
-14.434494931928727
-18.903218000312894
-14.387177317216882
-19.38430249013109
-13.088053945240029
-13.755704028384887
-48.428117629481875
-14.461042973732251
-14.443279512840498
-14.803806927654199
-19.166570947854808
-21.16267210348705
-14.780516870350771
-13.456440974662268
-14.280200133715772
-13.491841626129315
-13.623655682942266
-17.52864881639147
-14.079483526535288
-25.46987292777532
-12.181964469635561
-12.653933618210788
-13.944870962662376
-15.438490180370092
2.4430993821969986
-18.227821592019144
-12.749522288868091
1.8546974637845581
-11.988980294780959
-13.042401930061168
-14.997544603348675
-12.622905528524374
-14.934997307545627
-17.79425510113093
-14.957587053665266
-23.548753754855582
-14.428609067288557
-14.02167786539965
-13.458706903189436
-14.853811026607321
-17.20198646132785
-14.980584053478655
-12.898234050506817
-21.209885516161
-18.45587467373688
-14.354866678851764
-14.322082193721652
-24.470599625154918
1.8147420309418925
-24.130555123593297
-16.95626619412812
-15.199618456259936
-18.472751822232212
-19.469338647535984
-12.468282748584304
-12.43370355127692
-14.966275971677021
-19.454358806484187
-14.872601988698678
-15.356319962488682
-18.18735819092383
-14.251701790032458
-14.82604895888711
-14.86088002816783
-15.036132752900476
-15.669523042221877
-19.04432683034625
-12.405922068890147
-13.439276339191789
-24.280333473795544
-15.302749857722228
-14.89724831867224
-14.79116071821722
-14.77793575558935
-14.153145113140452
-14.09630514591402
-17.34715938294312
-20.073653110426257
-16.288218268102938
1.5794149499639003
-17.047815538951852
-14.926695845166499
-13.374673389589002
-14.955625007938925
-14.360489318523731
-21.092368950436416
-14.25906007543113
-16.097350975595184
-13.613157343033675
-15.60824357489462
-13.916261889736804
-22.16224841224981
-13.229266488494922
-13.014632140047661
-13.187356331464592
-13.10036283432997
-15.507356858128691
-12.22604048278567
-13.65957539632549
-12.25123202357059
-21.355737844769852
-15.287473995473082
-23.533995900939402
-12.233425480431963
-19.599640070528867
-14.285534911614354
-14.33083450751168
-14.421232207856777
-14.58699335095635
-12.22425703709237
-14.413705404142648
2.0899543704154877
-14.488026724340582
1.9690779770544653
-14.82773370086054
-21.7723029809604
-39.86667203900853
-14.805868455306252
-17.117232994568624
-14.605771204642142
-14.276614452189566
1.4910202040187182
-12.702356915794091
-18.777491286816982
-1.2225463245677788
-12.104328822526146
-14.255983285490466
2.2029056068671626
1.5252568380897724
-26.023087666264928
-20.23235629456903
-14.682841676849486
-13.698254590737879
-25.051100401960888
-13.578342570857796
-14.782085843674782
-15.30130064902873
-15.086311637476266
-14.809351258825448
1.9317027722005786
-13.836325397546261
-12.325790276281548
-17.28048150326653
-3.2571172197154357
-13.156857929745836
-13.438816182765807
-14.720978048045865
-13.63916887737797
2.1669477925658516
-14.91932528404799
-19.318299289399647
-14.881319779578483
1.4367498896586934
-24.755914370925467
-12.818534975284257
-21.22254094634816
-20.16594473078126
-19.916228953112494
-19.194449894189482
-14.517986559133561
-41.476075851287675
-13.622671825048771
-23.179185790485857
1.4715606438515552
-13.813163699926148
-20.83349554307179
-15.406428194336963
-45.4096323166697
-12.994322508213004
-13.596121544791272
-14.514240907394777
-12.706251983901373
1.7955241635436618
-14.88282049158903
-21.324579146014045
-13.699135153028077
-21.377105821181317
-23.082270462359144
-15.20468788582087
-12.007214392278422
-14.700692616131098
-31.00764203356771
-15.890303948597825
-21.370721607239545
-15.806832177952106
-12.352770654384408
-35.64267536651808
-18.76352557382084
-20.001205834355105
-14.806125506852933
-12.762197012843686
-13.496734610397976
-14.622761283468778
-13.686304431593507
-14.973974117012176
-19.187381621103693
-14.855272783149587
-19.942816509562412
-18.930182900478258
-18.340024138516128
-17.39593068270507
1.443718401585718
-18.77914603725734
2.604006037018218
1.4621682191192829
-14.920936142232865
1.81119149384645
-20.45679956523533
