-6.098261883091161
-36.35012418358131
-55.7603782315216
4.628670429284103
-50.59757050812338
-35.288292077309535
-1.343215229521748
4.9721688313616355
-35.51124551150984
-0.04478542647697037
0.05238270489052166
-6.025734666637974
-0.10948479457740024
-79.53847175373771
-0.16598180310928812
0.6558518407817331
3.1431762119118303
-20.340121884948
-7.631413839093652
-1.3125942057043913
-0.871820945117515
-8.530723627108962
4.31365662765316
-32.71979465099595
-0.35374438036742706
-115.25598062096161
5.493996670750832
5.019401574914654
-86.66458800908144
-54.87021957230238
-53.30248827064822
5.254952337249711
6.725615556636528
-12.556583347510653
-4.766357807385431
5.521888371123078
-75.71443867372287
0.10589467039193101
-36.11773337022926
6.094541850860785
-20.479566591591894
-25.538642647010512
-6.768716932452998
4.434225050153663
-7.619121281201291
-5.918002715168763
-1.9871861692287824
-7.838838253940916
-10.909073411039047
-16.549771056329178
-9.514843823197133
-51.22894112665228
5.123523393783559
4.983190340135308
4.918214639391575
-21.313812401133184
-23.190489089693827
-3.967567402770386
5.263243331301314
-213.2771419328052
-4.669146322135672
7.657803958249234
-2.8663017064855403
5.831004868825972
4.483824303059468
0.02929820284669793
-64.46435016245425
-69.67110423599867
-9.3712073378259
-30.552540084279457
-17.371291953342613
-0.6215206159790534
-7.994960152229734
4.391567096874207
0.4976009541919846
4.84083398476284
5.982771358718354
-104.76129057805669
-13.311205110414212
0.1782342675283506
-2.325677949635422
9.01493837552988
-24.519739110398884
7.652726529576738
-68.40395617897553
-40.28579309331444
-20.3095284497563
4.655429680595916
-36.058565545532936
-42.60163195730972
7.756057922888328
-6.159493306437828
-43.3773106753182
-41.389883480370905
-42.33242582245861
-3.7059018094481804
-22.752251763308443
-45.18517427461745
-40.08165685166387
-8.369372570559968
-33.351278655899335
-53.83466771186085
-85.92499417629288
7.147986733632074
-9.942309871388872
1.0231350879454117
-11.462770786892424
-3.7710789663920345
7.094658531055505
-25.44177622080317
5.695385578551798
4.84657312746323
5.0681743090386355
-7.449027236616477
-35.732633354387495
4.385289174880334
4.603189837265908
5.436795454703827
-2.756223432469058
-2.3519143278230015
-5.037814327092926
6.328459192674514
-2.065806917132531
5.655581770318813
-3.6730393066434477
-7.171989168599856
-6.362526976792428
-5.261436479310241
-7.323066257192104
5.799033067227659
1.421751707195296
-11.35801092346136
5.630095010156221
-2.167242321441108
-7.260544118113516
6.370939695880875
-3.094855870078233
4.28219461993057
0.1541246309630092
1.2756167192088914
6.193559416787982
-2.4411692901392326
-26.564494793825492
6.7636410076402065
2.3005647435661345
-42.795481396815916
-2.337456023115596
-3.0387284134438097
-135.65318499464092
4.9435175925031745
1.3696519857408447
-205.5401046326084
4.9307757287123195
4.629562609476034
-111.3725542472106
5.500230986163633
-6.445894003968187
-5.600680028687161
6.213753136163188
-3.7355719271282783
5.412663051644466
-5.785662020171057
-25.56764560012886
5.6475849908498805
-25.567234210561708
5.325037052748659
4.597354083950619
-28.900005164485883
-16.202346385256654
-192.8045945268081
-9.832055401305638
-39.8885980373454
0.3480934650144861
4.870348530491237
-74.60999174944897
-2.2647654861654094
6.345052429632915
0.6704071781841145
-1.1511882841270347
-0.6911067835324722
2.4527357118340194
1.1404345668893892
-15.979986673476992
-1.9405836777785863
-0.26903699063639164
4.848820280194145
2.8814393057345233
-1.3635724785069185
-42.900411787389714
-0.9566976391075377
1.4195945568030481
-5.743957654335893
0.4056870391476277
-37.61863291326085
-1.8832456017269759
-3.2176719191971817
2.1497265416729934
-48.762861277040265
-325.34924576124206
-224.87348690958794
4.898037074203826
3.9435148935644007
-3.3247291579661407
1.2773030291761214
-25.707580317921934
0.34892428146676546
-2.4077707724141932
-72.8410516489628
-94.70576662868439
-33.09740203493163
-6.511678791212219
-1.2363990488274441
-1.741001549009896
6.055105632114673
7.08908524216313
1.1949476939134736
-60.99831791376837
-5.326515204193989
-0.7168713176773767
6.1873375468155745
7.117554812101675
-24.61258134206055
-3.799012675594095
-52.16095127072393
-27.680070327648924
-41.77812237555164
-9.253938777883448
4.998725673856357
-31.904306750349157
-122.40628103295502
-6.1265894444062745
-12.552413488425634
-12.123155576194405
-32.585336863296796
-119.44013476544735
1.8303967208817469
4.852221056489332
0.8754119601194075
-114.29662509286584
-22.408187267610504
-31.023012791299877
-11.69624048760776
5.622263689336501
-52.61338598144795
3.674987231364705
-1.9679485150819476
-41.33232699356304
5.574822440670472
-66.66995829031482
-96.58768175412054
-40.412379319350364
-46.99411158797713
-42.21269925277143
-10.565006813251678
-9.670122871620741
-6.685755296123661
4.420201046896336
6.635972242861994
0.002190901649945065
0.057970558298789276
-0.011535055275681994
-0.07461507863275818
-3.777486875335903
-0.19398504447840215
-17.001180731281664
-0.01705482040915829
-118.2130557292113
0.08925567224603337
-9.560340766191665
-1.2355360421141568
-20.43148937520241
-25.147721014404212
1.2370489424697872
-0.07218280386558029
0.04510664702264933
-1.9356424127132914
-0.10744972997641167
-0.04502998767058708
0.10654455495903381
0.02134709466965501
-259.12695028047887
-0.1872168477812921
-0.006325857082849495
0.006486883084796613
0.1652655253043286
-0.22529048908915295
1.5007943320655737
-0.07117233341198426
5.376676973429717
5.403292828669368
2.697301484119809
5.327480012152282
4.511011126940246
-3.4320090854893244
4.331083734992351
4.721906316712881
6.5869237489650265
-1.0959413625868355
-2.638856306469619
5.978128612894475
0.19365373518371332
4.845859422611729
5.384986960225838
5.0573447290624785
5.1476366884938916
4.418339933408407
-2.1058384686776943
4.893285919429087
6.218422498017993
-2.4303442576950487
5.737074136627699
-73.63358191402
7.711491361739888
5.634624096010715
-4.436311144879681
-0.9206395197656847
1.8581313606486438
-3.1361612279881688
-5.335703818458306
4.7162368309249905
-2.725857934714334
6.059876338797844
-1.8973412276780284
-2.887588020936743
-6.5426587086623655
-7.364537456392949
-16.93836397939719
-4.212442064535651
7.975230026547031
-10.27156812739368
9.06278607534615
-0.8971833715819226
-1.4179218227626196
-6.652838976860235
6.0904244447296545
5.888077526065496
1.1697664634730938
6.565272732211286
-8.568233066339854
6.453531016822604
1.6914455945547506
4.7066416184087885
2.0554635848823857
5.878620207432791
-14.737316204951387
5.175646661564251
0.01780367487977852
1.2135559434546759
7.01167296631819
6.173821775971362
1.0035751951307312
6.3650164557891085
4.600918055767517
4.950685248903692
1.7028552798418823
4.900599220241219
7.6855362595656915
-0.03956424780976664
6.721660373616354
-0.2142769036495349
3.262034103444836
0.5693534662908759
4.760094869997285
5.438103136576999
-84.71995221596048
0.11486046677888062
0.01792876165454871
7.545652247864076
6.08037680493366
0.10133368270088461
-2.336892233258161
-4.970185275822526
6.327743541428828
5.754359813009136
4.535957403530251
4.775195960755199
0.16893159746499187
4.995491054684764
5.0888938988100785
6.7728029956735885
-0.08294905341275194
-8.936751244228065
0.3571120283209199
5.380281376772649
5.349881625131204
-0.11075081028833056
5.653798543318517
4.264422395512686
-3.9094363873106577
6.683767784003589
-8.428578542817863
-0.01962504960178002
2.215618193923694
0.19825636030582627
5.376617127073622
7.092168792303342
-17.22687335583178
-29.17403634618123
5.944265917292734
-42.55481738553045
4.395878843569856
-20.18616296838828
-3.238935282793296
4.889543941338059
0.20106210872398567
-70.86408203533387
-11.705888696725893
0.18381855621224918
-7.998088020937311
1.2762536752051572
-0.7182120410473474
-16.712750654278704
-15.8440813325175
-148.7208871255717
0.11949293699215491
-1.0035205889325853
-7.031670024965498
-3.4198671938662857
-15.940776811260012
-63.50270937039837
-3.00009153509575
-21.592991861428985
-29.395591512702648
-37.85753289116348
-12.12000857178327
5.299592597853618
-1.8671124356430813
-28.901564211653806
-1.7338651775868588
-14.562844911496914
5.92216362804389
-1.6966249732636778
-32.03518763767868
7.658866144162281
-140.3214853772742
-0.07166770239095155
-0.02898147736580703
-3.1254037081953467
-0.31752858900304926
-0.03432918913957994
-0.07261497538234118
-0.02303317110133718
-0.10014997975376794
2.147591141450161
6.0177237712635225
-21.3581650961836
-3.493533422877612
0.11571162951305713
4.955268757445164
0.02683700634787778
-0.06955433817165191
-0.15982073954528353
4.6954169101055445
-0.09171448795447401
0.022731599388704726
-7.137257393513618
5.174990098545153
5.9920257927282075
4.7881138756066495
0.13658332245823335
5.159209368058003
4.31871953854743
0.07299904254525247
6.44357238904708
5.52378346224115
0.10908086812469464
4.720298536360767
-0.0857932132710384
0.002003169255345272
-0.076344142546098
0.18849658445644857
3.0659971768476746
0.030451715080847652
-0.10295665368964091
4.700406837428005
0.25966295303783005
2.0858930925303194
0.06459534673286194
-77.21270213244802
5.492320932464602
2.4167342216680967
-59.255227593027946
3.7673709539838733
-280.0516287205025
6.763808970407698
1.1259233666955264
-221.6789275403623
3.9210667844266442
-0.29306272791230814
-117.51289163161061
-9.391077198310755
-14.161424882083548
-25.091015103168587
-26.96435918603214
4.49553854751656
4.37490441782363
-293.8688339721229
4.946091919707004
-3.5736119010106027
-5.691788098462112
-17.669988955143843
-3.149430710013008
7.947797524143562
0.15042299546258686
0.021950215618139257
0.9997706988632906
-9.766520431191585
4.584784062450852
-30.739068685073526
0.0616832221154382
6.339707505069029
6.917015954349667
-29.013887148750232
-12.918723252788947
-1.8185732632367828
5.3198125711212745
4.704286186353838
7.221671454590258
5.047876882337369
7.053011659902471
0.9494059119842273
-19.86411576076658
0.057985162886197705
-0.007521685385621035
-0.08210099083487843
0.06347993700119137
0.12129303399296676
0.003931235187442095
-0.1026617143211348
-0.08971813231143377
-0.08882709577640213
-0.05739974126730041
-0.11181111916828312
0.1769627389660462
-0.008351743471617157
-0.0804250056106206
0.13677388189372153
0.1924467814131794
0.08856037338323364
0.07367832362530669
-0.10615766265063664
-0.10403512487348565
0.02203925405954177
0.04091056465275611
0.1767114785834749
-0.013172708557009027
-0.058284498558493825
0.11085604233903856
-0.019154113066180534
1.9868859629737932
0.055486936057322245
-0.07102260122424764
-0.1345654897866595
-0.03190506958837824
-0.05633519683893917
0.12356455194428495
0.08293593515325992
-0.1295311454520245
-0.14022252946540914
-0.09762200833304457
0.018620114195871174
-0.1848725440316018
0.17076896072058545
0.16348950393185002
0.1291007647160186
-0.11448228850994946
0.07929852755590594
0.16295131646607586
0.1404003420463278
0.21019209170714692
-0.1777991860214585
-0.18251811534163098
0.036563347024763715
-0.18258459516759884
0.08201228723252707
0.06716367438868232
0.072940052648653
-0.08448467029472018
0.1567022867530543
-0.030391556466188185
-0.1256440615396094
0.047458592179012715
0.0509801437819446
0.03767925166945685
-0.14877508552416518
0.04283902554493291
0.1683540768259706
-0.12456661970501748
0.09648963219335283
-0.23767333272932545
-0.2171709785383975
-0.18997555857009107
-0.07352380236103606
0.06962282851343993
-0.15090429039679853
0.18385239573105494
0.13402311075143714
-0.16048162680256817
-0.0003767140981891792
-0.1402212527803115
0.009169261826960096
-0.14660907359126152
0.14707553914591487
-0.00024026027289347773
0.17264989686858923
-0.1051328664680975
-0.26843417345395904
-0.17623256659455033
0.06044589620752516
-0.10692873800696168
-0.14099198964570725
-0.0952770840126711
-0.1548682673873394
-0.08576713545804138
-0.07131534371913872
0.09770834777918713
-0.17021808613205192
-0.1343457063471296
-0.00990163232890895
0.005002958082565012
-0.1725868144642364
0.14015802892199547
0.15241979409681017
0.002885167616680784
0.01823394015096036
0.043972086103151176
0.04019221729965472
-0.04145407811888835
0.1535146381778496
-0.08826600550571806
-0.11233120104500594
0.15547252431668435
-0.0009351018803915867
-0.19041917485039117
-0.13665478170499457
0.1441679077875606
-0.06424427768543106
-0.06017954643888823
-0.10111226628226344
-0.17373762660544823
-0.05035522454950181
0.07532065202579918
0.05555335894097424
-0.1732900269902855
0.15499701586380144
0.030381403156440223
-0.06572018284084336
0.1546446654994713
-0.20019586518357335
-0.22996456820832867
0.08440894707686808
-0.05863608090869166
-0.13673314911371026
-0.09302686249655556
-0.015153646345582139
0.050240937070437974
-0.02720921401505727
0.08236581836225132
-0.01225769804798138
-0.08595855659003437
0.03744557683668459
0.15986039489904658
0.17281138637609694
-0.0870858539249687
0.07227346686721547
0.09503520614873817
-0.004477676015580467
-0.12298251021236428
-0.20281156066415296
-0.0934942607625624
-0.08873132402445516
0.11480915368981515
-0.07763319928664392
0.07740226354843882
-0.18490134890589593
-0.031116904251575095
0.07472792859367117
-0.07066321222206362
0.002289692795044207
0.17928602071348454
-0.11682050925454346
0.06295342436145113
0.024942147711151774
0.039526804160264994
0.15603090265997877
0.14366126076042063
-0.08715299058932757
0.11343916521724351
0.00965498689575095
-0.057032587106176535
0.05655382671059184
0.1355995540584224
-0.08269118763908723
0.024183546985627746
0.08909749064391126
-0.07599210222853348
-0.0007475906353664463
0.14586048140990493
0.07014743393567124
-0.005065995970659154
0.01488270811314496
0.11569087986056958
-0.12571269907312388
-0.07368919059041645
-0.08611711192770333
-0.016231399438971783
-0.03492686404044565
0.022078884844533464
0.11627124917378806
0.2015682363199056
-0.15843732126976717
-0.2044604177640692
0.04796044074060979
0.09860675743763259
-0.06231892099501524
0.11469827478840511
0.00010221153496081659
-0.11828235713525215
-0.07146313070296706
0.04965987062475241
-0.024706250796622253
0.13907484692823258
0.017345703644138344
0.05346863397687596
-0.046173319690097525
0.03627203874392215
0.043246089041936164
0.05289572995111569
0.1321745266566421
0.15092588200843515
-0.24783998052203038
-0.14057191105622024
0.25978871532673786
0.14220627824905163
0.025505943745793402
-0.19234384695562778
0.01932981525842037
0.20477843051097855
-0.21896575306667598
-0.0974559984918788
-0.11860309702628469
0.152330444759865
-0.11598941828130394
0.0020216407096413924
0.04260240908921409
-0.006705173393240393
0.0715902095672013
0.19624368917355794
-0.20668319820511183
-0.16911101015247443
0.02330187937337369
-0.12536197925082915
-0.020493349861329335
-0.08409726812977336
-0.16038407969318047
-0.017904988327733573
-0.0033963895922834997
0.09734883551174911
-0.12682450788544442
-0.05287109414653335
-0.10454825988122007
0.23344117053051439
-0.07122659528352959
-0.07780070784883564
0.015891029294909487
0.0830356514291104
-0.023906670052137313
0.03079732103736288
0.15169043858479236
0.12075568666654402
0.086838321267102
0.06646490748861389
-0.14711256325652755
0.0072337572793657046
-0.12699739064829396
0.19703417306215165
0.09768818227757059
0.025824296059236307
0.17340884538872903
-0.1861480703055256
0.012826405772499827
0.048163664663388506
-0.06442971729375535
0.15858600700322656
-0.02163220958633638
0.1771560646166347
0.16802078216623073
-0.08371237417840904
-0.1826361931283369
-0.08697213885653443
-0.08945310899757519
-0.1969514560907536
0.13107215580567866
-0.026921297109123943
-0.21445703841347175
-0.14994926808302478
0.06180434637371812
0.07732213096498741
-0.07543734149196024
-0.15998638689125977
