-58.04431640884602
-36.84196715229302
-27.092167280967196
-11.457069784805654
-38.09478078381269
-117.50187138881353
-78.53671584848429
-7.1647504802137085
-7.470387615714948
-33.89804915433758
-44.70201517466233
-19.011477520018765
0.7293785501144201
-24.422495914880123
-55.10096591911643
-7.524589210467534
-296.3808292396554
-256.8632373693089
-29.132920360956398
-89.22646416845124
-13.720500906386572
-23.996531302062092
-10.634210839260442
-7.611419716398924
-8.48991809638127
-14.872113731110172
-52.89880419444477
-17.101157543878976
-11.254377467120289
-30.83960150704919
-66.12243221576409
4.90212155480643
-9.290306179560659
-20.923692155282495
-115.62242599233856
-115.90992874284339
-4.658687086599899
8.089935175333009
-88.4586397353882
-63.27031269508305
7.129019097218663
-4.291393929646875
2.412512375854259
1.233297447064793
-11.40308125460349
0.908661469235507
-24.87481136104952
-7.268810026329605
-13.227625821811532
7.433687686271674
-12.174661184608178
-36.19004417546217
-20.10489632309784
-16.334453052640654
-291.5650912353168
-10.001480390771116
-1.2068831575982109
-21.706278099008166
-0.7292748013553463
-5.511554547433279
-117.69780325459382
-48.63838272261243
-0.3460477928804706
1.0003242838024953
-204.3839009775847
-43.53038649847207
-2.684896463507962
-223.05888265101152
1.8030809888725583
-58.30737531995616
-15.743505004169272
-3.1746030807375027
-190.92694058273722
-6.551038726730578
7.822008142215334
-34.88350592081826
11.610594661446527
-190.48593682021377
-3.628307274526698
-63.60469668720064
-2.5954759230658118
10.94447134727384
-32.47541757545321
-7.08609413377421
8.720128883026764
-11.524161125491979
-10.492250421969075
9.054750660153644
-46.60721516655642
-7.343949847368933
-12.069231694920994
8.455821489732555
-32.4525677402141
-1.0624396359094956
-1.4576587286185085
-21.84747664528149
-12.37013614890784
-34.805842863747344
-124.1623933019075
-22.408064672353333
-108.38499625237348
-73.90753829247193
-2.958935147677119
-6.563680739148291
-11.072669232655326
17.961976471632703
-2.5433370252575127
-1.2742925736886939
-0.4398682334705746
-164.4624232549729
8.397542790193647
-4.931901755222849
-50.602160312324756
8.60932186575004
-9.964548628377852
3.2318085154616627
-96.5398903164224
7.117704080927595
-41.279748554997006
-0.9755891578398768
7.690870325633986
-0.3318631562006469
-24.794643059832477
-16.927100193982167
-2.6091379242175776
-41.55973891492803
-8.556832495209555
-60.36654621401272
-14.343675759635808
-9.631356864531298
-16.26263156205775
-3.7364579275203407
-15.456505554463668
-280.10784958558327
-243.28785462373872
-28.80810057004928
-1.692795859833725
-140.47109437431234
7.841908026888561
-42.41196207356102
-42.371799612183764
-0.11833237450851852
-6.052834438078477
4.902899470447074
7.155580893747828
2.6143085164519406
-5.240381470912654
-1.998604102309569
-6.947221616065969
-15.374643792692263
-185.36425741229542
2.345706868387439
-114.24373833647218
2.6105357995540093
-2.158863240607347
-20.909104914652495
-361.17646537605043
-3.3465625941372945
-103.47809034819386
-1.9698900524765544
-182.5750916536707
-48.391158872875984
-36.66410483087964
8.995154884001195
-6.586291820198787
-2.9792811834405266
-32.018896141173926
-121.48389693936662
-11.080330623889244
-16.58048466675848
-8.474631174259144
-48.01650466590937
-20.122535205665365
-190.1836656171416
7.3180430997733215
-25.52893796116885
14.647660852545355
7.97730481684874
-0.13339303269127578
-4.795458341823939
-103.65102151685093
-168.53846734616846
11.247205653306127
4.23381416356213
-0.7181081478056683
3.504829501054404
-191.81836821935997
-407.5482071839988
-127.71697741404752
0.4059824987871291
-10.427161256328501
0.555918987732848
-277.78985104676525
-71.74938687409758
5.189659676830109
-61.644133252865366
7.956268155496295
-62.56885074547202
11.389639644743758
-3.8593460991289072
12.042691273364929
11.320775095581016
-11.885204459708643
10.480520183725364
-6.177384309121636
9.822408204472552
7.7869588534531715
9.702385374513156
-4.302144562062289
-20.431804951266145
-348.73283578612353
-71.88796530613062
-211.05103688884972
8.454431455571257
-1.377760732565132
-35.25922122553419
-222.76677618674213
-280.08260296901943
1.1011784477139477
-58.87283288992983
-25.266511234954965
8.54730082662496
7.499894223704947
-90.74119703571041
11.638232605970597
7.475244396056741
8.08745845147968
7.940002777096263
-26.140380051363916
3.282462592465743
-192.40812137086527
10.876791445402812
-115.97262904570763
-10.331042970051413
7.604619483456671
0.9975827118477718
10.786600037424483
-281.22225424137514
9.20557596425484
-107.67841015773077
6.222746666696925
-6.5461429307728185
-0.2867167399192221
12.519963407002916
5.615870429349714
2.0445409416461677
-108.9417622687398
7.420683229341681
8.332056831689234
-86.71038535405253
8.851139498260135
9.505609331980239
-301.00593942782166
8.497208963603022
-26.63118754304296
-14.566670253414571
-0.6263354442174367
-12.79106864095739
9.274812532040524
-6.185673461020322
7.4905907159884
9.759147560045585
8.786541445787572
-57.932902956215806
-23.215950928211143
1.8311637611687037
-9.330256200822927
-12.359606980298985
-1.537753192370378
11.130269433891296
10.110738483003635
4.706411198851689
-1.9088032891990028
-0.7622360283730328
-16.097411442113696
-2.264982178064532
2.2495533326557076
-32.44375951251647
-30.264988459669233
1.1826981781809542
-4.446963835367265
0.05878909662888643
-31.13392747736913
-3.4793457068690286
-3.4919259891457175
-107.22027990161732
-4.2151450616456865
0.7206315968388566
-0.12678325208865693
0.16718490083801885
-39.57312774334215
-20.980394803973443
-1.4677376630762162
-0.05681781657044693
-10.281857881030295
0.27732662472499614
3.119566616049705
-66.59582985992894
5.5218814728171655
8.929331716478979
8.98855241602959
-147.94535648842495
7.567004392212969
2.1243033751510367
5.252635247811392
-112.04523717645836
-6.966783150258808
10.77495090622492
4.585499242929906
7.594018033426614
-1.3867522664499736
12.936943859123033
-59.295310801858804
-22.42042584664049
9.688719438155982
-61.71135299016221
7.980604233286424
-14.98299854178822
-21.696110282630237
7.343367446259325
-383.6195521804143
7.732563779617062
-8.657082656913708
-20.76970187026022
3.53646461496307
-33.87258686233755
12.340828882513904
4.57631709575791
-273.231826745018
-3.5109674919763503
-6.43504913621018
-4.994375826634315
-62.30252987635788
8.430328342971405
7.910931418640306
9.669547287788085
8.053534972962222
7.272899752236791
9.99281489787775
7.427647846670775
-4.1480259457343
-4.51605749682396
-5.051509968206915
-90.496605972012
10.224895703823975
-45.96088021163527
-41.57943180100265
12.859646446355779
9.075389439543986
7.894007100135955
-48.45304570379034
11.20921598727373
-71.35633117754642
2.027367749080957
-413.69228535893836
-15.625611845789194
-34.41702684389346
4.61721118793939
8.608695439926384
10.137030114051301
-22.95401928361987
0.2946031127426654
2.354183367832966
9.07414444394555
7.1227295149008105
-22.22495816577216
8.425161361550494
8.275380077898852
-21.13986452857664
2.9421276722339207
9.235459386660894
8.13495976894196
12.047120331482702
-11.948134716973465
-14.346007322584507
-15.68525699531225
7.684512422182505
-4.616990009882591
8.512904759456392
-302.1428187637282
7.650151654963452
9.439359993363873
9.118237130243749
14.925243099892601
-122.93265576150833
12.445126403405254
10.884744616091078
-11.00301267444085
-101.70840179436927
-158.17200101613778
11.549835821324011
2.883551170122603
-34.65254816424897
-2.461950165817651
7.727512549708834
-8.353948074918852
10.88613259757723
9.924408911082836
10.691820907632072
8.224741633087447
11.16228402724525
-2.0630678563456057
-153.22904228962295
-2.3343844537254275
-10.588771706443188
9.198942240019747
12.712436947135945
14.228116313097871
9.673474645011536
9.867594451424281
-9.536337589144114
-116.88485892437646
-4.469373269127497
8.567604945969727
-78.0216245257337
-7.835655518250825
-7.901637727982274
-3.5627345974378875
-6.16328946760791
-24.46459592786604
7.3354971716678135
9.791793606847392
-9.315769796564963
-1.0063507314222075
-16.879890913535938
-40.21957487969278
-74.80453982569627
-4.008632874411717
12.333689537142668
-133.55408936274983
-130.88000032112515
1.6438251005635265
-52.56522918891347
-4.123166343287419
-221.91342223022946
-6.237540891379347
-1.9441061695777433
6.931136737086911
-226.68724556103837
-8.638055966900033
-5.417444708593825
-63.459637802983984
-8.622933907913922
8.256136138306172
-201.97986636418545
-171.7804738943559
8.187360565020281
-41.9082083276849
-155.62079842581346
-41.44893715374562
8.023007659025378
6.842373489698405
0.8314431525153521
-42.05700615424325
-112.94866997893817
-214.369388641766
-9.79895778530209
-0.6154025488870358
2.2776326548332357
-378.7428104723562
9.185684004197135
1.1042684736996633
-0.5964062152115357
-9.65310346642631
-67.35204299010346
-16.709978641032155
-416.8291333949011
11.296577780949988
-9.328085927818357
-2.3768194922976704
-52.54907729353498
-106.95969709334759
4.377521351346785
-223.31011573828076
-2.5676353597660455
-63.665463075655786
-311.9237747749851
-77.86289057062177
0.7563303499319296
7.38846974480715
-71.88554995038095
-31.479809358394064
1.1208786644526803
-26.436856670063598
7.941196670572138
-218.54920023263094
-12.054349802900468
-16.267391255879915
-2.767526783039265
1.1210284105553445
13.534794713838403
-232.5365925494988
7.784717005202928
-5.365191175073839
-303.16392631669737
7.5753767595505295
-146.95862183243239
2.2670860999490294
7.4886752962978775
9.801553126506441
9.578495620310534
9.678248676048147
9.703311852502015
8.558014689777332
-15.346170527753422
10.361875457002593
8.317597557957562
10.530396385868512
9.459246976067654
8.584348872438433
8.466753362472389
11.216302443284505
-1.6903086153995395
7.361386795753322
12.946010023924721
10.531775854544597
6.596036679920613
1.6486904141703775
8.726029107640969
7.366456011861596
7.190877069364715
8.18134020987236
-0.43798389483935896
-26.84978177792769
2.802955953769876
-292.7866079143242
9.132061793613078
3.925398870499744
-44.209087728134534
7.108756688458174
8.253812119479896
-42.40080005663382
7.18923635177222
11.38039472682231
6.9825827040489745
9.372953923207422
5.173563101430481
12.002580916867695
7.990934743324832
11.632092864458013
-0.8936979166592556
7.9174825821959764
8.35669632923937
11.666497716209811
1.735419411873873
-10.91072267310173
-75.71477232437289
1.140865441473636
9.64480928805137
7.179974994936877
8.985332285004741
-2.028633326511657
8.039551490570226
7.773969866203446
9.687390350319891
-89.96619673400596
-30.087336283584783
10.130553214282555
9.73669957025945
11.943503593720155
7.939075269831429
1.6555491310761759
7.419876869125454
7.219098525363389
10.130286533895163
4.42615769161241
10.53934547688215
-3.8010710967874353
7.0611532888625135
-3.355083352986033
-63.355172809150794
7.137486359517279
9.724856440295941
-11.508995315755147
13.479498527456961
7.3451985274350164
-24.325136264755876
8.911024966135235
-2.1631153892470705
14.523459228639817
10.540762760665247
15.111495310090078
8.988487059020464
8.464381200079988
10.169443809181832
3.669238470091572
9.439238236022668
-22.097095599511277
8.026160444716464
9.029083621600922
-0.4949783001250978
-9.147118052156014
8.57209089846788
13.172349936326757
7.2933528175265545
7.854670580897731
7.533784683776105
7.137134685089238
7.235183993108456
10.261975899982199
8.130935162208733
0.7969353669151751
9.261189068281794
7.545084240431754
-68.73329060790454
7.711712801713787
7.605795077178047
7.46728746790537
12.085777762542127
13.22693854126368
12.821465950747285
11.11797321388115
1.0816504171403176
9.161383935218705
12.915675674620179
7.288288808263484
-28.506705031845296
8.968362143772069
-1.5585498949393273
-354.7781426503838
12.358963694702481
11.084440400427152
13.168348173552822
11.014717030177557
7.669206581501857
10.734384062022684
7.970900534795666
11.18149833279543
9.146942193424927
7.139179995257761
7.969523089780052
10.77784638296907
2.7779466138978637
8.740865544003356
-24.598407240011795
9.687699903344228
10.032177520929606
9.953981403684775
7.4064708312081144
8.11268221755261
12.97270614766501
-1.4803124597780233
-14.455998775818221
-0.11504280252410748
13.652684022499866
-0.700093127928918
7.95410007306637
-41.78888990923486
-13.943859293431819
7.788704923078747
-2.090937680182896
-2.901937695773791
13.506773568504403
13.917327025594108
-271.0861276515851
7.668649885285737
-25.878554212065957
-1.413765796294208
-304.01887664884543
0.07530223152268922
8.67574220421341
10.00619319882404
-39.628241835641866
7.83398389073181
9.672460302732144
12.471936273445184
10.950988277193563
-7.486908846371511
0.3572680601144729
-0.870669108965455
7.725682725377903
-16.092461796889204
5.646062650111764
7.121098249575931
-2.4790287419209687
-5.277474522988199
13.541888227744188
10.824892986171006
-11.852769477628968
8.083502328239952
7.719980902271269
9.369710191319953
8.458167958864031
8.175537926267683
11.574381538654277
7.702296882023799
9.547860978563238
11.424702172566978
10.994507759841612
11.981290999128486
11.708639427500266
10.636236498839132
7.212697253206075
10.064248482364267
-4.097145958223422
8.085385604158418
9.14689124510106
2.807110713403023
11.996881343224326
10.939854966070824
9.68059093166766
9.172545565911086
10.467375133048133
-14.224609111292057
12.108089044201222
12.38483284095088
-4.303271938190299
11.951462573004687
10.296238570647446
8.213241458039537
-1.6567112539000846
8.978499549425267
7.456701140205084
-0.18538566341254015
7.070323085074891
7.16172141168113
10.994748078155824
7.089384453040578
-8.163533686479399
7.348813214493748
-3.5803015644580642
7.632925666306578
-30.977000494895314
10.64316448448773
11.38032196876076
-6.244418700534237
3.3726838618527997
12.109050343983947
-1.1070940495000396
-1.8434138577979575
1.6384732250995186
-2.605760322956887
9.775594216844492
-3.262446689193691
10.846103063869197
0.7254420062128926
-5.706415289974045
10.852790724182135
7.338429855327307
11.734499372077586
7.676346426097682
7.35468250360346
1.255912233249259
13.386680736162997
12.216784081715314
10.127620839649438
7.9906819945971765
7.601462850303369
11.642901929414418
9.75990485251208
13.975027050667965
7.02667666549636
7.708887229397824
10.416076112952984
7.549013382319897
8.108382821947927
9.116903643326726
12.130189409312255
10.495862851010607
10.215282456492744
4.434509462839196
10.001905622423195
9.059207859892583
9.647080069192114
7.081687156117683
11.012423099336061
10.314977377544778
7.119598513730102
-3.1393226168356545
-14.713618271982309
-2.2094425669968825
14.746335102964876
0.010104039064479764
8.343922467844818
9.26622295674986
10.335739738436779
9.866264123813657
-6.925118973836617
8.005807569265553
12.117090641169444
7.4116061419911645
7.1329764817605605
0.45177702337761705
7.714742381696441
7.244431036505317
9.880696703947255
10.953017678941798
8.213774177350615
-69.14010565034035
7.202669297035179
-3.5922097207165096
-8.52501581521862
9.295865569916126
11.685231258252252
-8.18136299043751
4.3509667588393794
-23.956301620847334
-7.896076622882242
8.506390979850869
8.392642460371057
